Regulator	Target	Score	Overall_rank
MYT1L	0	9.41415774793932	6
ZNF619	0	0.6282851302256643	400
KCNIP3	1	4.322667124959328	44
MYT1L	1	2.9963016525246253	77
SOX10	1	1.5095257171470091	159
ZNF534	1	0.5828110371402073	429
TFAP2E	1	0.4230397876549125	591
ZNF215	1	0.3283010917835781	729
ZNF727	1	0.3120649433988008	767
MYT1L	2	8.672511302721698	9
POU6F2	2	0.8842884193350946	276
ZNF808	2	0.6642729823609426	375
NR1D1	2	0.4230504662611219	590
HLF	2	0.3966724105049055	629
ZNF532	2	0.3098676817448302	774
ZNF112	3	2.8136785812550476	87
ZNF283	3	2.769556241514133	88
ZNF566	3	2.437219506692038	103
ZNF793	3	0.9492164808097758	258
ZNF254	3	0.9458005133345538	260
ZNF614	3	0.728057800164919	339
ZNF573	3	0.5204610285068468	479
ZNF383	3	0.41730561342279954	598
ZNF527	3	0.41459032071649066	601
ZNF227	3	0.3713350837997832	661
VDR	4	8.542660954129769	10
ZNF510	4	1.9537252816571216	124
SOX15	4	0.8662822326455114	283
FOSL2	4	0.6356922860972575	394
NFKB1	4	0.32235461103986396	742
CEBPB	4	0.3191342598102416	752
MYT1L	5	7.621798624930464	14
MYT1	5	2.724834080507394	94
STOX2	5	0.30555526505352176	786
ZNF730	6	3.1548674851208407	70
TCF4	6	1.9379453075094546	125
ZNF84	6	1.2070242961670292	198
ZNF891	6	1.1284647961140217	210
ZNF253	6	1.094905812736279	218
ZNF254	6	0.7809106519395308	313
ZNF711	6	0.5234451056864868	478
ZNF197	6	0.4426798010945412	558
STAT6	6	0.4378844741002054	567
STAT3	6	0.3953152783068649	630
ZNF726	6	0.3471897268499954	697
ZNF431	6	0.3378332902908511	717
ZNF583	6	0.3076465316532652	779
ZNF141	6	0.3044174002363151	790
ZNF519	6	0.30330840720626734	792
FOXC2	7	1.5322304905687494	158
FOXS1	7	1.2099764166288278	196
PBX1	7	0.9911097603804517	248
TBX18	7	0.8521629004145935	285
HIC1	7	0.6339921728879266	396
SNAI2	7	0.6327849366807519	397
FOXL1	7	0.6259448543492739	403
ZBTB5	7	0.4705206676998783	522
ZNF572	7	0.45874580368704787	536
NFIB	7	0.44975465456105357	545
RUNX1	7	0.43979151496763924	561
TCF7L2	7	0.42947186812840293	580
ZKSCAN2	7	0.2937941645775835	823
TCF7L1	7	0.28453304446645694	846
FOXJ1	8	10.709038576027663	4
ZNF396	8	0.6277179775847627	402
ZNF169	8	0.5577550719335072	455
ZNF45	9	3.431557765683146	61
ZNF776	9	3.114908377987449	73
ZNF616	9	1.1591805017125156	207
ZNF814	9	0.8207195466789092	296
ZNF17	9	0.7862894263368359	309
ZNF548	9	0.5841983067379946	428
ZNF599	9	0.5695223422708108	447
ZNF350	9	0.3990975615254644	622
ZNF841	9	0.31807723599707977	755
ZNF417	9	0.3111915125116547	769
ZNF704	10	2.5281086045752597	101
PURG	10	1.8402029965641562	131
KLF12	10	1.412724705563877	169
STOX2	10	0.9579383708577187	254
ZBTB12	10	0.7924779554879641	308
CSRNP3	10	0.6449397217722785	389
PATZ1	10	0.5758776158803799	438
STAT6	10	0.5620624261744644	450
RELB	10	0.447117671633614	553
SOX8	10	0.43042969955499694	577
ZBTB7B	10	0.32694933843903556	731
BATF	11	3.1074521796280794	74
MAFB	11	2.9753536284755198	79
RUNX2	11	1.318631155709167	180
VDR	11	0.9080866820326821	267
SPI1	11	0.7697685942205934	318
VENTX	11	0.6783268191404425	367
STAT6	11	0.3269270320171758	732
IRF1	11	0.31452632257968505	763
PBX1	12	4.8586608585545035	33
VDR	12	1.1187779555686785	215
CSRNP3	12	1.074328534074608	223
TFAP4	12	0.8083513476647672	300
ZNF704	12	0.8070498233198025	302
KLF12	12	0.29148853484578374	830
MYRF	13	7.764503325971821	13
ST18	13	0.9983266788599432	244
ZSCAN25	13	0.6642800223309621	374
MYT1L	13	0.5059851099293201	493
SOX10	13	0.42309871774103125	589
ZNF726	13	0.3220612262218578	743
STAT2	13	0.3112646807393861	768
ZNF572	13	0.28432073795485574	848
HES6	14	2.986091085670299	78
HES5	14	2.7533147142758576	91
ASCL1	14	1.7021351045405155	140
MAX	14	0.8957637286685535	269
PBX1	14	0.6176821443683373	408
ZNF711	14	0.5958499317250893	423
THRA	14	0.5576511334997352	456
ZHX2	14	0.43241971714771754	573
CREB3L1	14	0.3495107812352088	695
SNAI1	14	0.30242216199166994	796
ATF5	14	0.2934253967098172	825
MYT1L	15	2.7596451502383914	90
ZBTB18	15	1.57125035496043	155
SATB1	15	1.1205718032102923	212
SOX10	15	1.1054036736480333	216
POU6F2	15	0.6690188713635679	372
ETV7	15	0.6222006186090949	406
KCNIP3	15	0.5567367284050595	457
MYCL	15	0.32596089500797437	734
KLF8	16	3.2760744116452707	65
ZNF558	16	1.410424929290296	170
ZNF208	16	1.0271445192822648	236
POU6F2	16	0.8368237549514098	292
NPAS3	16	0.5818590591718317	430
ST18	16	0.41117016089957154	607
E2F5	16	0.3968538677096794	628
SOX10	16	0.3451649049111107	703
ZNF727	16	0.34073154311688186	713
RUNX2	16	0.3256130888486934	736
ZNF536	16	0.3100216118758198	773
STAT6	17	2.081965691936601	117
ZNF445	17	0.9936376633229815	247
ZFP2	17	0.9845669388055301	249
PBX1	17	0.9310265429926035	261
ZBED3	17	0.7405870483808568	335
ZNF66	17	0.5906303081106982	426
ZNF782	17	0.576428157356067	436
ZNF142	17	0.5580675200411169	454
POU2F1	17	0.49470929278001113	501
ZSCAN26	17	0.49373026234257167	503
ZNF398	17	0.4245839141127986	586
ZBTB8B	17	0.38773584092175944	642
ZNF384	17	0.3804735185906812	649
IKZF3	18	15.949624057105531	1
THRA	19	2.925382339260937	83
MLX	19	2.0699831092578007	118
DBP	19	1.4838716708917936	162
GRHL3	19	0.8076429210187538	301
RFX4	19	0.7532937987622318	326
KLF15	19	0.6866492502153653	358
ZBTB47	19	0.685179636698585	359
PRDM4	19	0.5694954480033204	448
HLF	19	0.36195301858573636	679
ZBTB5	19	0.36160157379026536	680
SIX1	20	2.1910406143960857	111
ZNF649	20	1.4388307337145063	167
STAT6	20	0.9477627665511299	259
ZBTB12	20	0.5085846781846332	490
NR6A1	20	0.4035939666467223	618
KLF17	20	0.3891079231684933	639
E2F1	20	0.3210926370882675	745
MYT1L	21	5.914227556123833	19
OLIG1	21	0.8155784701457477	299
OLIG2	21	0.6988265790311118	356
ELK1	21	0.634536940006182	395
ZNF649	21	0.604064864830837	418
SOX8	21	0.5766055804207173	435
MYCN	21	0.41449373865588524	602
OSR1	21	0.39493013657624415	632
RORA	21	0.3243130674186766	738
STOX2	21	0.2842908378574693	849
ZNF835	22	1.6574857953583617	147
DBX2	22	1.4319445356243607	168
TFCP2L1	22	1.2150050118432496	195
SATB2	22	0.7783547473184961	314
TGIF2	22	0.47425564864800934	518
RBPJ	22	0.44747576089517077	551
GRHL1	22	0.404572917983375	616
TEAD3	22	0.39224901540980556	637
ETV5	22	0.3081107741706226	777
MYT1	23	6.706821236062793	17
ZBTB12	23	2.6625893550211805	96
SOX11	23	1.690559495409475	142
ZNF217	23	1.6653204118814795	145
SOX8	23	1.1937692982327825	199
ZNF107	23	0.5972479590298728	421
ZNF69	23	0.577495938876225	433
NR2C2	23	0.49302397141780013	506
IKZF1	24	7.340140103054017	15
LYL1	24	2.73383076668846	93
CEBPA	24	1.4503509722948313	164
SNAI3	24	0.6804568451256869	364
IRF8	24	0.30216033838757167	799
ZFHX4	24	0.2982482507779374	806
MEF2A	25	1.0801330289061297	220
ESR2	25	1.0056256248552806	240
ZBED1	25	0.8515305687254208	286
TFAP4	25	0.8005842041127357	305
MXD3	25	0.5273162981893782	472
NFIB	25	0.5131521949131673	486
SALL3	25	0.5129053213577623	487
NR2F1	25	0.471410156046732	521
HES6	25	0.3974533725723564	625
ZNF500	26	4.792546601681919	36
CC2D1A	26	1.6225807538927215	151
ZNF775	26	0.9271137434758884	262
ZBTB45	26	0.7529774747160718	327
ZNF444	26	0.5745357501341796	441
ZNF853	26	0.4357767545368208	569
SLC2A4RG	26	0.42048412033623817	595
ZNF835	26	0.3697200830369811	663
ZNF333	26	0.3356834891089226	721
ZNF24	27	1.506408355141718	160
SP3	27	1.0300208611903694	234
SP4	27	0.9994333779671757	243
ELF4	27	0.7830117270368294	312
FOSL2	27	0.7634862515363954	321
ZNF519	27	0.7380543993911228	336
IRF4	27	0.6083757786071975	416
RELB	27	0.5063121916824761	492
RFX8	27	0.3940638247599044	633
VDR	27	0.3726172284519975	660
NFE2L3	27	0.3660784410171994	670
POU3F2	27	0.3548447054864343	688
ZNF396	27	0.2904275559932851	834
TFEC	28	5.317743552492262	26
RUNX2	28	2.574617968757526	99
KLF3	28	1.7758884407914044	136
ATF6	28	0.894204098456467	271
VENTX	28	0.7562682256458897	325
ELF1	28	0.5137204549650835	485
SPI1	28	0.45193617515846346	543
HHEX	28	0.3198613542419249	748
LEF1	28	0.29329124177551186	826
ZSCAN25	29	4.878040076700261	32
ZNF786	29	3.137696128134476	72
ZKSCAN5	29	0.6473549851944953	386
ZNF775	29	0.3654701559671945	673
ZSCAN21	29	0.29051092822250546	832
MYT1	30	1.533614675235854	157
DBX2	30	1.1776283080944494	202
SOX4	30	1.133004943970345	209
SOX10	30	1.091826893713342	219
E2F3	30	0.5309996263237702	470
E2F2	30	0.5264404151778433	473
BCL11B	30	0.5088325009494792	489
ZNF519	30	0.4456047899864889	555
ZNF469	30	0.41442167783916817	603
RORB	30	0.3637858629152111	676
TFCP2L1	30	0.3022494849742238	798
BATF	31	3.549935098864433	56
VDR	31	1.0197004233432658	239
ZBTB7B	31	0.9520124563185562	256
STAT6	31	0.7445764965599195	333
ZNF600	31	0.45156859380249836	544
ZNF114	31	0.4267099059579194	582
ZC3H8	31	0.3868695291054197	644
HIC1	31	0.3654658845247108	674
IRF1	31	0.2853560881524517	844
RFX4	32	2.0516000864202035	120
ZHX3	32	1.287132668725127	183
ZNF487	32	1.1704677093751148	203
MYB	32	0.9812333943500875	250
ZNF592	32	0.7029892579331276	353
SALL1	32	0.6809886397149173	363
SOX21	32	0.6304519380767414	399
MSX2	32	0.6281565123464307	401
ZNF275	32	0.47171311205993327	520
EGR2	33	3.5335604450020797	59
JUNB	33	3.1995709783419093	67
FOS	33	2.3817844888351947	104
KLF6	33	1.2256764989818907	191
NR4A3	33	0.8285381848431064	294
EGR1	33	0.5603437242802506	451
IRF7	34	5.351235616604425	23
SP110	34	2.238662056539082	109
PLSCR1	34	2.0919426741676945	115
SP100	34	0.9979957211682371	245
ZNF511	34	0.7191250274195363	343
STAT1	34	0.6538031231276933	382
ETV7	34	0.4601939017898357	534
VENTX	34	0.44938477928227305	547
RELB	34	0.4218729719497602	593
KLF11	34	0.30334194593984365	791
TFAP4	35	5.337349473492807	25
ZNF654	35	0.8970355111177053	268
ZNF689	35	0.6174283890444862	409
ZNF76	35	0.5352259022583225	467
THAP11	35	0.5316258672523642	469
ZNF688	35	0.417659589443446	597
ZBTB6	35	0.2979172930862312	807
ZNF500	35	0.2975063644991343	809
SOX18	35	0.29644237981673965	815
FOXJ1	36	8.701532590367508	8
GRHL1	36	1.1639403124536067	205
ZNF19	36	0.5929405256881287	425
ZNF487	36	0.4668541089322746	524
FOXP4	36	0.3770118308607253	656
ZNF165	36	0.3658540320852275	671
CREB3L4	36	0.30196377293253107	800
MEIS1	36	0.2971015266726162	812
ZNF493	37	2.9039032325296814	84
ZNF333	37	1.8006394724652348	134
ZNF14	37	1.6213009822641093	152
ZNF317	37	0.4981720088201945	495
ZNF43	37	0.4524644102122909	542
ZNF585A	37	0.37558698838923815	658
ZNF248	38	5.049764957976411	28
MYRF	38	1.163791761176115	206
ZNF25	38	0.8669559340461475	282
ZNF37A	38	0.763010302102601	322
POU6F2	38	0.7423049592672033	334
ZNF576	38	0.5156619046747477	481
GRHL1	38	0.49371776441826726	504
ZNF560	38	0.49335840954412263	505
ZNF33A	38	0.48101955692185994	513
SOX10	38	0.28503739108268983	845
POU3F1	39	4.788062219880245	37
ZNF630	39	1.0764984268563678	222
TEAD2	39	0.4604146720856177	533
STOX2	39	0.3867526181426229	645
ZNF182	39	0.33727325672075575	719
NFKB2	39	0.2838661457334803	850
MYRF	40	4.835304452851626	34
SOX10	40	4.8145884314100185	35
TFEB	40	0.8904090009104162	274
ZNF208	40	0.49673878166531327	497
ZNF492	40	0.29633005669957363	816
ATF7	41	3.202476350238746	66
NFIC	41	2.064964243440147	119
SP2	41	1.1269885381311557	211
SKI	41	0.7075777363701472	351
FOXJ2	41	0.5936755301984856	424
ZFHX3	41	0.43793826263518637	566
MNT	41	0.4233716154552727	587
ZNF319	41	0.3568607472379912	686
RREB1	41	0.3423941625532994	709
FOXP4	41	0.3410381377662731	712
ZBTB6	42	5.339067621681514	24
CREB1	42	2.0841853391132186	116
ELK4	42	0.8057687069778157	303
ZNF131	42	0.7990282125368392	307
RBPJ	42	0.454499277951091	541
SP3	42	0.4299357151418266	579
BHLHE40	43	4.034312484183264	50
MAFF	43	1.6428898017865685	150
NFIL3	43	1.2656577543355685	185
STAT3	43	0.8291341301703803	293
SRF	43	0.5140176366208531	484
ZBTB39	43	0.4956749551844921	499
LRRFIP1	43	0.48546193620577677	507
NFE2L3	43	0.44304413931825015	557
ZNF395	43	0.40930559715461534	609
POU6F2	44	3.0872055422549676	75
EMX2	44	1.9324424239777598	127
ST18	44	0.7583534014850545	323
SIX1	44	0.7092664590661877	350
NR3C2	44	0.64843036039018	385
MEF2C	44	0.5482627402227495	460
MAFG	44	0.42473610402647993	585
RORB	44	0.3989771701280512	623
ZNF146	44	0.39289487333351025	635
ZNF483	44	0.346647095452982	699
MECOM	44	0.2970748697074859	813
BCL6B	45	4.963499538380306	30
TBX3	45	1.682745603292482	143
FOXQ1	45	1.387034352047549	174
ZNF366	45	0.7282118093966952	338
MECOM	45	0.4793302014195254	514
ZNF362	45	0.43896111490847795	562
ZNF517	45	0.3413081087514053	711
SOX17	45	0.30635972005463347	781
ZNF442	46	1.193597412223204	200
STAT6	46	1.0428313918039427	231
ZNF577	46	0.8421227957556845	289
ZNF254	46	0.7997316558332881	306
ZNF285	46	0.5713731424788748	443
ZBTB8B	46	0.5350910354169366	468
ZNF891	46	0.5305166369199562	471
PGBD1	46	0.5262416349007742	475
ZBTB12	46	0.46181570522029725	530
NFE2L2	46	0.4587421650508581	537
ZSCAN16	46	0.41237154364852774	604
ZEB1	46	0.34632839838322005	700
RELB	46	0.2953821919721084	819
MYT1L	47	9.874913344415774	5
ZNF600	47	0.411780977174752	605
BCL6	47	0.35028778826332285	694
ZNF512	47	0.28725869937582826	841
MYT1L	48	4.675890976224742	40
POU6F2	48	1.2652168465502984	186
ZNF708	48	0.698916912129565	355
ZSCAN9	48	0.5250261722117788	476
ZNF532	48	0.500556422935584	494
ZNF430	48	0.4763107661882142	516
ZNF217	49	1.3190063307406585	179
ZNF423	49	0.8470896132556652	287
SOX6	49	0.7857006791811549	310
ZNF524	49	0.7183244483569747	344
SATB1	49	0.7132790046749775	348
ZNF512	49	0.6823891982448764	362
MYT1L	49	0.5599307390726986	453
IRF3	49	0.5067811802470377	491
ZNF581	49	0.4472408315585629	552
TAL1	49	0.41554166587857233	600
SOX8	49	0.34599712428836693	701
MYT1	49	0.32079545543249793	746
ATOH8	49	0.310314996693826	772
ZNF585A	50	3.51797371407641	60
ZNF445	50	2.362752206740064	105
ZBTB8B	50	0.8911199587816051	273
ZNF774	50	0.5767910717656147	434
ZNF66	50	0.4568535546667339	539
ZNF493	50	0.44812138151651526	549
PGBD1	50	0.39729232337056064	627
ZNF606	50	0.37846016626587337	652
ZNF787	51	2.0179471313078183	122
GMEB2	51	1.6486660576372256	149
NR2F6	51	1.3959335860593556	172
IRF3	51	1.2327058694960296	189
ZNF408	51	1.2244871395525185	192
ZNF628	51	1.0704574206725033	224
KLF16	51	0.46369513991315986	528
ZNF581	51	0.3882296671333563	640
SIX5	51	0.3177099710442616	756
GLIS3	52	5.219572198879705	27
ZBTB7C	52	2.6398118088756424	97
PKNOX2	52	0.47738012972410687	515
STAT3	52	0.2916151752053491	829
MAFB	52	0.2858855888188669	843
ZNF778	53	2.1136496702655383	114
ZSCAN16	53	1.0639101694535242	227
ZNF404	53	0.6377576076389513	391
ZNF141	53	0.5536150158564977	459
ZNF578	53	0.4066593594351276	613
ZNF610	53	0.369815320384212	662
ZNF670	53	0.3610899499016528	682
FOXJ3	53	0.35276878443931775	692
SLC2A4RG	53	0.2969971136341238	814
ONECUT2	53	0.28439042574797074	847
PBX1	54	3.2924536533532547	64
ASCL1	54	1.00357912930083	242
KLF12	54	0.9536065744736597	255
SOX2	54	0.8406956593613819	290
HES5	54	0.8040777694597464	304
STAT6	54	0.7527391440456344	328
ZNF711	54	0.6746021212945873	370
ZBTB8B	54	0.6153250200243721	412
RUNX2	54	0.5712326594816306	444
BATF	54	0.48400956666050515	510
ZNF704	54	0.4645581294964567	527
ZKSCAN2	54	0.3847832458552406	647
EPAS1	54	0.2977328300515613	808
NFIA	54	0.29406635038474427	822
ZNF572	55	3.858747655214983	52
ETV7	55	1.6490976315296606	148
MXD4	55	0.8932488773558352	272
TFAP2E	55	0.8156746567024193	298
ZNF837	55	0.5389589847875718	464
ZNF266	55	0.4370146818492493	568
SP140L	55	0.4267990525445716	581
MZF1	55	0.29616117651989093	817
VDR	56	8.128587477953815	11
MAFK	56	1.4496173124978489	165
NFIL3	56	1.3663123980469367	176
VENTX	56	0.7696229696722112	319
NFKB2	56	0.6846449153802453	360
ZNF704	56	0.5696295238368391	445
CEBPB	56	0.44397444367105987	556
ZNF510	56	0.29442673356911647	820
ZNF217	57	2.743134047518917	92
MYT1L	57	2.628816799519249	98
SATB1	57	1.2364300136363775	188
SOX10	57	0.8951923836859547	270
MYRF	57	0.3907942728409318	638
MYT1	57	0.36574748332549323	672
ZNF395	58	2.2884787828163815	108
CSRNP2	58	1.3872503762961268	173
ZNF641	58	1.0669428936170071	226
ENO1	58	0.6210481201463419	407
RARA	58	0.32634698594803596	733
ZNF316	58	0.31949353558359944	749
MEF2C	59	2.3348418105431854	107
IRF8	59	0.8810160988885863	277
POU6F2	59	0.8257720303309257	295
ZNF334	59	0.49601500946667293	498
ZNF793	59	0.4305377512296792	576
PPARG	59	0.37624811276478304	657
LHX6	59	0.337996712516249	716
ZNF260	59	0.30327099253414086	793
MYT1L	60	8.061109760820253	12
ZNF217	60	1.1197429851668657	214
STOX2	60	0.783112185035985	311
MAFB	60	0.4973171666179316	496
TSHZ1	60	0.4065632519792426	614
ZBTB18	60	0.3928004269941467	636
ST18	60	0.3687073556643918	665
MYT1	60	0.3666389491920153	669
ZNF66	60	0.3555090729942354	687
EBF1	61	2.9278211747176015	82
POU3F2	61	1.588773868649346	154
FOXS1	61	1.0279174921702552	235
ZNF215	61	0.6233790621298974	405
LEF1	61	0.46163796575249993	531
ERG	61	0.4496553039729123	546
NPAS3	61	0.37768410844720013	654
ZNF366	61	0.3597248285241517	685
FOXL1	61	0.3303554183159155	727
MEF2C	61	0.28312592057119873	852
ZNF217	62	2.716189867432026	95
ZBTB7A	62	0.6840310141743823	361
PRDM4	62	0.6162274017994637	410
RBPJ	62	0.5365273475025005	466
SOX6	62	0.48156147641179275	512
RREB1	62	0.4388524304275017	563
IRF3	62	0.43815128105386814	564
ZNF891	62	0.4318431515131941	574
SATB2	62	0.4225667649502274	592
KCNIP3	62	0.35372432194309644	690
ZFP69B	62	0.33543946318184004	722
ZNF821	62	0.32304721752853005	740
ZNF704	63	2.570913204309928	100
RUNX2	63	2.34251506146136	106
HES5	63	1.0047941964858915	241
FOSL2	63	0.636776995185777	392
ZNF674	63	0.46160237039846846	532
NFKB1	63	0.43802495709744976	565
NFIA	63	0.4355324122065913	570
STAT6	63	0.37905856371753605	650
PBX1	63	0.3383668250973898	715
ELK3	64	2.2378285715492385	110
SOX4	64	1.0334782774778415	233
TFCP2L1	64	0.7582121274799428	324
ZNF32	64	0.5599969464311972	452
ZNF821	64	0.5482572822684646	461
STOX2	64	0.38701167321918545	643
PLAGL2	64	0.33886017670426627	714
KLF17	64	0.32433663945312413	737
ZNF217	64	0.308010632574614	778
ZNF713	65	1.4471068908291878	166
MEIS1	65	0.9956467442053056	246
SOX9	65	0.7174812339703619	345
TBX1	65	0.7173489774549383	346
FOXG1	65	0.5716054614895204	442
ZNF18	65	0.4087089399202608	611
MLXIP	65	0.30829444619742513	775
VDR	66	1.5008068329289626	161
CSRNP3	66	1.3317671069593744	178
STAT6	66	0.8204384224828472	297
PBX1	66	0.7777592765959426	315
RELB	66	0.7469968224324874	331
RUNX2	66	0.5873173298598072	427
ZNF726	66	0.5761384111742507	437
FOSL2	66	0.5263833835106062	474
BATF	66	0.47548954182031433	517
ZNF606	66	0.4263070456510697	583
ZBTB8B	66	0.4105257267900281	608
SOX8	66	0.32564892150508506	735
ELF4	66	0.28849045682689134	839
KLF12	66	0.28324140771983425	851
USF1	67	4.294082078152372	45
ZBTB17	67	1.6987758523293837	141
MAZ	67	1.1852713425120913	201
ZBTB38	67	1.0669951001362534	225
ZNF672	67	0.6762035958228574	369
ZNF878	67	0.6523242548188649	384
E2F1	67	0.4310701786252036	575
HES4	67	0.3432131720991707	706
ZNF614	68	4.207819664386163	46
ZNF227	68	3.6609069372906484	54
ZNF112	68	3.1422725041511246	71
ZNF615	68	1.731563049330937	137
ZNF283	68	0.7024951944191706	354
ZNF141	69	1.1445751742478878	208
ZNF595	69	0.7207366268485087	342
ZNF445	69	0.7133372228540157	347
ZNF721	69	0.5125950089713945	488
ZNF493	69	0.46674771837411383	525
ZNF662	69	0.40916416494793023	610
ZC3H8	69	0.40863553439016925	612
ATF2	69	0.40154122213011956	621
FOXJ1	70	10.966969234906717	3
RORB	70	1.360981479625607	177
POU6F2	70	0.6123062175993547	414
ZNF566	71	4.511576177549294	41
ZNF146	71	1.5571916930329388	156
ZNF283	71	1.4101968026213472	171
ZNF793	71	1.0788811798552356	221
ZNF573	71	0.8403140771661642	291
ZNF461	71	0.7489051289125092	329
ZNF569	71	0.6781045459297125	368
ZNF780B	71	0.6597338628148467	379
ZNF527	71	0.5155880245399357	482
ZNF19	71	0.44929848032394326	548
ZNF285	71	0.3737000391216354	659
ZNF227	71	0.36871273451788994	664
ZNF606	71	0.3164758405695964	760
ZNF112	71	0.31466134762264447	762
ZNF614	71	0.3063570306278844	782
ZNF780A	71	0.2874911765880473	840
SP100	72	4.6888896876099615	39
ELK3	72	3.7803189878632377	53
IRF1	72	3.4107257824881825	62
PLSCR1	72	1.0503140889268692	229
ZC3H8	72	0.41841341994104625	596
RUNX1	72	0.33106835370677296	726
SP140L	72	0.31934229487935895	751
NFE2	73	5.902699723867981	20
ATMIN	73	1.2385799730198797	187
CEBPD	73	1.2160793587287069	194
ZNF93	74	0.8446013398072906	288
ZNF83	74	0.40204343302511053	620
MSC	74	0.30477050614830753	788
ZNF880	74	0.30305813231703255	794
STAT6	75	4.047984343263612	48
IKZF1	75	2.88615538900958	85
ESR1	75	0.97834985427039	251
BATF	75	0.9133965596447396	265
RELB	75	0.9122044316878316	266
KLF12	75	0.6428258323475284	390
SP140	75	0.6019285898834403	419
RUNX2	75	0.4061076314476394	615
SPI1	75	0.35180106541438166	693
OSR1	75	0.3153952447219871	761
POU6F2	76	3.541174686733349	58
ZNF366	76	1.31405691541376	181
ZNF169	76	1.0462730670348541	230
TBX3	76	0.670314304947954	371
DACH1	76	0.4831657194675986	511
FOXO4	76	0.44060830969148185	560
THAP1	76	0.37766401684736906	655
ZNF324	77	3.170467663180255	69
ZNF324B	77	1.8761322350164626	128
ZNF749	77	0.7484480054659579	330
ZNF584	77	0.660271431761509	377
ZNF416	77	0.6324712229605545	398
ZNF444	77	0.5959168509906685	422
ZNF543	77	0.580000348885094	431
ZNF333	77	0.5185112732145751	480
ZNF211	77	0.5150042607338193	483
ZNF446	77	0.3547179860260822	689
ZNF667	77	0.33508192762579037	723
ZNF473	77	0.32998546393634826	728
ZNF572	78	2.0049704890420976	123
FOXL1	78	1.4536149080579455	163
NFIB	78	1.21865250732125	193
ETV7	78	1.051801262818305	228
HEYL	78	0.8707269849530304	281
TEAD3	78	0.6535398757094337	383
TFAP2E	78	0.6450525985949517	388
ATF1	78	0.43515051360822676	572
ZNF248	78	0.3600852908093106	684
MXD4	78	0.3438754829865166	705
SNAI2	78	0.3065399907476063	780
ZNF213	78	0.30237011367399724	797
HLX	78	0.2991939797841607	804
STAT6	79	4.768631428021535	38
RUNX2	79	2.046189197103484	121
BATF	79	1.7763866966470585	135
ZNF646	79	0.9175930145826923	264
ZBTB8B	79	0.4649771263638008	526
STAT5A	79	0.44244732388232216	559
IRF1	79	0.41139828756852004	606
ZNF354C	79	0.3880149875981531	641
NFKB2	79	0.3633060375428666	678
NFIA	79	0.3602082925326861	683
AEBP1	79	0.3468598765693035	698
ZNF879	79	0.321479044431476	744
VDR	79	0.31865158680957467	753
FOXF2	79	0.28972387539447586	836
ZNF14	80	4.367211309195909	43
ZNF44	80	0.8868603814158367	275
ZNF814	80	0.7071301841187912	352
ZNF627	80	0.6546112167649949	381
ZNF442	80	0.6155271225344842	411
ZNF45	80	0.47264001507891334	519
ZNF614	80	0.4207479214600049	594
ZNF433	80	0.40219388272148365	619
ZNF136	80	0.3472534029833183	696
ZNF441	80	0.3170798541771175	758
ZNF772	80	0.3056958271515528	784
MYBL2	81	5.668797748278276	21
E2F2	81	4.205422752346469	47
E2F8	81	2.9613125269226845	80
FOXM1	81	1.673376115103526	144
E2F1	81	0.5993862905977245	420
IKZF3	82	15.723941365164844	2
ZNF134	83	4.942286052090912	31
ZNF776	83	3.5425851328616504	57
ZNF549	83	1.618125243878206	153
ZNF615	83	0.951870391305577	257
RXRG	83	0.8728021940930663	280
ZNF211	83	0.6918826373666483	357
ZNF17	83	0.6252947249830855	404
ZNF264	83	0.45966376831712674	535
ZNF416	83	0.3345548790837641	725
ZNF543	83	0.29203361836718594	828
ZNF19	84	1.279350654225189	184
ZNF846	84	0.5696044488874435	446
ZHX3	84	0.5657309624617367	449
ZHX2	84	0.5545014192726687	458
ZBTB4	84	0.39518001596154523	631
IKZF2	84	0.34290618194584577	707
POU5F1B	84	0.3376668622355572	718
ENO1	84	0.28955926665727694	837
ZNF431	85	2.5109667521823478	102
ZNF226	85	1.2963132642353556	182
ZNF567	85	1.0417780066269708	232
ZNF8	85	0.8533367560897653	284
ZNF836	85	0.6065226844763181	417
ZNF527	85	0.45858752301278793	538
ZNF66	85	0.4564494287472963	540
ZNF607	85	0.37896293086637145	651
ZNF583	85	0.3646954428618958	675
ZNF606	85	0.3144662850825519	764
ZNF442	85	0.3046822296703094	789
ZNF570	85	0.29440964779918133	821
ZBTB7A	86	4.394487000680013	42
NFIC	86	1.7299923450087071	138
SKI	86	1.1693488287467249	204
ZNF592	86	0.6783589340598576	366
PLAGL2	86	0.6128100896108671	413
ZNF449	86	0.345792569653866	702
CREB3L1	86	0.3271418697539526	730
CIC	86	0.2902389797177049	835
MYRF	87	5.047126472134024	29
POU6F2	87	1.9379124015821723	126
ST18	87	0.9230905192608891	263
ZNF629	87	0.3534524525390826	691
RFX1	87	0.3372242933337657	720
ZNF251	87	0.30821835124058444	776
TAL1	87	0.3025718997809624	795
KLF15	88	7.277235202401699	16
TCF7L1	88	1.8013020997557276	133
GABPA	88	0.9638889648423432	253
PBX1	88	0.7702958009641931	317
NFIX	88	0.7642396074292753	320
NFIA	88	0.3451418074813836	704
IKZF1	89	9.27477559634405	7
LYL1	89	3.0539001559995023	76
CEBPA	89	1.8162580019071723	132
SPI1	89	0.635876274527207	393
HHEX	89	0.467496170018216	523
ZNF398	90	2.8371655032560392	86
ZSCAN25	90	2.76090609587976	89
ZNF786	90	2.1679105160440626	112
ZKSCAN5	90	2.131489824403762	113
GTF2I	90	0.7248952716104012	341
ZSCAN21	90	0.2904364152813996	833
NFE2	91	6.586654405783161	18
CEBPD	91	1.378819893546522	175
ETV3	91	0.3183645300545074	754
ZNF274	91	0.2935963335099551	824
AEBP1	92	1.6614950978348952	146
ZNF37A	92	1.2074596668972277	197
NFATC4	92	0.7296625969262321	337
HEYL	92	0.611663049102399	415
SP3	92	0.3929182871663843	634
HES1	92	0.3613412531011151	681
TFAP2E	92	0.3418748658883733	710
ZFAT	92	0.3347917859400404	724
TBR1	92	0.3107825614442263	770
ZNF274	92	0.29613554786498825	818
E2F2	93	4.046970192076862	49
MYBL2	93	3.9517286525042423	51
FOXM1	93	3.314211669458544	63
E2F8	93	3.198185132558283	68
ZNF184	93	0.2971343534991119	811
GTF2I	94	1.7080330174011733	139
STAT6	94	0.880745890601094	278
KLF17	94	0.5248869548271223	477
PBX1	94	0.4951929149901189	500
KLF6	94	0.4232716320608376	588
ZBTB8B	94	0.29943057023729	802
NR5A2	94	0.29934790991515015	803
NFIA	94	0.2925776735783607	827
ZBTB40	95	1.8629699432042712	129
RFX5	95	1.2286281448389686	190
GLI1	95	1.1204563951624436	213
KLF13	95	0.7109009186225271	349
MXD4	95	0.46269578057352917	529
DBP	95	0.4299899782815279	578
ZHX2	95	0.3686993664849314	666
POU5F1B	95	0.30540133492253224	787
FOXJ1	96	5.66714090319929	22
ZNF396	96	0.64638070080426	387
ZNF625	96	0.3973757747005678	626
RUNX1	97	0.8799831217145925	279
SIX1	97	0.655915351435922	380
ZNF808	97	0.5758395684019597	439
NR3C2	97	0.5755251427746814	440
MESP1	97	0.5384207039338288	465
ZNF213	97	0.3194232149841906	750
ZBTB1	97	0.3173344796096227	757
ZNF358	97	0.31357038957197264	765
NR1D1	97	0.3128983492878581	766
ESR2	97	0.2862636114786813	842
AEBP1	98	1.0212031800896884	238
CREB5	98	0.6784507700732588	365
ZNF713	98	0.6599423724886846	378
TGIF2	98	0.4353160715548665	571
KLF13	98	0.4161853089802484	599
CREB3L1	98	0.367502255178459	667
MEIS1	98	0.3226190449699246	741
POU3F1	98	0.31673038690131494	759
ETV4	98	0.28916502833618146	838
RUNX3	99	1.0249168038254006	237
KLF15	99	0.44801364624497997	550
IRF4	99	0.4470327173886588	554
FOSL2	99	0.39824050450117277	624
VENTX	99	0.367263766306448	668
ZNF75D	100	2.9497701401220726	81
RFX3	100	0.37784919178911947	653
KLF15	100	0.32407592326004014	739
KLF8	101	1.8624893268240592	130
ZNF558	101	0.7725279460651145	316
GTF2IRD1	101	0.7464091826878209	332
ZNF433	101	0.6648635488347183	373
ZGPAT	101	0.547745341976705	462
ELF2	101	0.4850090051009227	508
ZNF727	101	0.4258268247747915	584
POU6F2	101	0.3867242209601845	646
ZNF266	101	0.3103715537563427	771
RFX5	101	0.29060489995714867	831
TFAP4	102	0.9775650162643889	252
STAT3	102	0.725708981403561	340
SNAI1	102	0.6628043180536032	376
MYCN	102	0.5777826001273586	432
ELF4	102	0.5463984137801534	463
MYRFL	102	0.4937327144669605	502
EPAS1	102	0.40434755984196236	617
ZBTB3	102	0.38137795698622806	648
KCNIP3	102	0.36351154138680847	677
ZFP41	102	0.32079529723092454	747
HIF1A	102	0.3015674779909805	801
ZNF57	102	0.29911321788090256	805
ZNF560	103	3.6251037854924006	55
KLF16	103	1.1003452574370114	217
CREB3L4	103	0.48429235197308873	509
SP3	103	0.3425535506385738	708
ZSCAN16	103	0.3063512562704526	783
ONECUT2	103	0.3055730627305375	785
ZNF274	103	0.29723322948253267	810
