Regulator	Target	Score	Overall_rank
ZNF112	0	1.8672422150825116	120
ZNF227	0	1.6913768150408832	139
ZNF230	0	0.9880897876611185	245
ZNF283	0	0.9316433181452571	253
ZNF284	0	0.8688314994350302	272
ZNF461	0	0.7991726084921894	294
ZNF225	0	0.7905738284756872	299
ZNF772	0	0.7554371987759688	323
ZNF614	0	0.6270924955323242	398
ZNF583	0	0.45025107799903696	559
ZNF570	0	0.44097065546642894	572
ZNF615	0	0.38871406873972714	646
ZNF569	0	0.380830704176277	656
ZNF573	0	0.34254938593924067	717
ZNF749	0	0.3409873366402947	722
ZNF527	0	0.3116509540350573	784
ZNF383	0	0.2492582051480611	976
MYT1L	1	8.302175891203518	5
ZNF619	1	0.5087252148499684	487
ELK1	1	0.24582213159339084	989
ZNF449	1	0.24117206705574448	1008
MYT1L	2	6.873656358695869	15
GMEB2	2	0.6087757397820172	413
ZNF577	2	0.36880685908757	688
LHX6	2	0.33778631457233654	724
ZNF347	2	0.27877894585779406	867
ZNF814	2	0.2616894320415788	930
ELK1	2	0.261460292517672	931
SOX1	2	0.24532960393346298	990
ZNF136	3	1.556606895485269	160
ZNF417	3	1.388405505800931	181
ZNF587	3	1.1860559394165033	213
ZNF548	3	1.0520061241120278	231
ZNF841	3	0.877942105932572	269
ZNF791	3	0.6664046018589638	366
ZNF333	3	0.6534945059782067	376
ZNF383	3	0.6438158074225804	383
ZNF14	3	0.5522303977847546	452
ZNF416	3	0.42070125315044515	597
ZNF77	3	0.3786103204444694	664
ZNF749	3	0.27817483839411333	873
ZNF260	3	0.26353165401462564	926
ZNF611	3	0.26245363817617434	929
VDR	4	7.529273870903582	10
CEBPB	4	0.6293710475418496	395
ZNF519	4	0.5076794090157674	488
NFIL3	4	0.45314624093380856	555
NFKB2	4	0.3512243419362586	707
MAFK	4	0.3259806684786665	745
PBX1	4	0.31470560405838455	779
BATF	4	0.26682577250837025	910
ZNF253	5	3.4082118330402404	54
ZNF519	5	1.5446903491238007	164
STAT6	5	0.851240216269904	276
ZNF726	5	0.8237272324917698	284
ZNF730	5	0.7693074110070461	314
ZNF254	5	0.6669616854345831	365
ZNF43	5	0.6654646677264966	367
ZNF287	5	0.6161494523794825	409
ZNF84	5	0.46522166280147337	537
ZNF678	5	0.40834103776418806	615
TCF4	5	0.29743818772924285	811
SMAD4	5	0.29457537070591233	821
FOXJ1	6	9.033118129236723	2
ZNF165	6	0.572736074752169	434
ZNF396	6	0.49899935649908955	499
ZNF169	6	0.45206292471491105	558
ZNF37A	6	0.3746183185253027	673
POU6F2	7	2.956086255110311	68
MYRF	7	2.783558599770716	76
STAT2	7	0.6932907137189366	345
E2F5	7	0.6194089824931356	405
LHX6	7	0.5214281202181537	472
GLIS2	7	0.4250992098489177	588
ZNF502	7	0.2729082308848161	884
FOXL1	8	1.5489359538612415	163
FOXC2	8	0.9422635137660461	251
IKZF5	8	0.6362542031336553	391
HIC1	8	0.6283344833966317	397
ZNF275	8	0.5673115430870119	441
ZBED3	8	0.4540976592239092	553
FOXP1	8	0.4238318073399064	591
PBX1	8	0.405044812708984	621
SNAI2	8	0.40455541091444763	623
ZNF572	8	0.3947735588009059	634
FOXS1	8	0.38995476548572083	644
TFAP2E	8	0.32372610408834024	754
MYT1L	9	6.653218564502682	17
MYT1	9	2.254531228971749	95
BATF	10	5.308291875641497	24
IRF1	10	0.45952810285187173	544
ZNF662	10	0.42386136715393347	590
NFIB	10	0.423056796583632	595
ALX3	10	0.3293608841778649	740
STAT6	10	0.3275266807290829	741
ZHX3	10	0.296223789024694	815
NPAS3	10	0.2823535767936168	860
FOSL2	10	0.2651300584871452	918
MEF2C	11	1.8496126060895433	122
NR6A1	11	0.8811863464872456	266
TCF12	11	0.7713354181100932	312
KLF8	11	0.6159803838339664	410
ZNF773	11	0.4589764555638896	546
ZNF429	11	0.4127971627403783	608
POU6F2	11	0.38049283889962676	657
BHLHE41	11	0.2551601108213574	952
ZNF704	12	3.6721687406552834	47
KLF12	12	1.9881471548338996	109
PURG	12	0.7904375135631853	300
NFE2L2	12	0.6676331349113693	364
ZNF322	12	0.6114510048818652	411
PATZ1	12	0.5981511271775228	419
MYT1	12	0.5074550941971385	489
TSHZ1	12	0.49611207618139175	505
SOX6	12	0.46016088673283856	543
SOX8	12	0.43819230476226106	576
STOX2	12	0.43425235529722034	579
CSRNP3	12	0.31458892773497177	780
BCL11A	12	0.28887453972159605	840
ELK3	12	0.25700851657159146	945
FOXG1	13	2.015681815808987	106
CREB3L4	13	1.3896941777853224	180
CREB3L1	13	0.9462354693745507	249
NPAS3	13	0.8557862438528939	275
ESRRG	13	0.6755281874932394	359
POU3F2	13	0.6481320838993043	380
MEIS1	13	0.509025841556304	486
SOX9	13	0.4792510223531288	519
IRF2	13	0.394694596722976	635
SATB2	13	0.37730126238143824	665
ZNF18	13	0.35799299571970655	698
LEF1	13	0.30131697895836534	801
ETV3	13	0.29772039901120756	810
AEBP1	13	0.2903389397038593	835
IKZF3	14	14.020086468111128	1
IKZF1	15	7.398375675403162	12
LYL1	15	2.1523171974672968	97
CEBPA	15	1.6139892219178698	150
HHEX	15	0.5173069385140089	479
FLI1	15	0.43200771213183187	582
IRF5	15	0.3228150502339456	759
ZBTB45	16	3.2551327685370115	57
ZNF324B	16	2.4457926712770184	90
ZNF446	16	0.9102653888264584	255
ATF2	16	0.5918300157738052	422
ZNF324	16	0.43302864695009285	581
ZNF444	16	0.4231678327586212	594
CC2D1A	16	0.39425303425964664	636
MEIS3	16	0.3754758249464712	670
ZNF580	16	0.3471337393500727	713
ZFP41	16	0.2656685907312026	916
HES5	17	4.450272268920061	37
HES6	17	1.2257797765780631	206
THRA	17	1.1404819772213908	222
SALL3	17	0.40736529208691113	617
RFX4	17	0.3812955747228507	654
KLF17	17	0.26981192530746906	897
MYRF	18	7.6163616359183886	9
CREBRF	18	0.9649515884054034	246
BCL11A	18	0.6241359025472525	402
SOX10	18	0.47915935295284695	520
ST18	18	0.37683122736160923	666
MYT1L	18	0.35300540567338723	706
SMAD3	18	0.32537581352543565	748
POU6F2	18	0.32435202465616514	751
NFIC	19	4.272290929822855	41
SP2	19	1.2272676205507618	205
CIC	19	0.8786907506938062	268
FOXJ2	19	0.8102688190492084	289
CASZ1	19	0.4995613327335823	497
ATF7	19	0.4492498497234607	561
RFX1	19	0.32475512538446155	750
FOXP4	19	0.30202505542310704	799
SKI	19	0.2479939285044412	981
SOX10	20	2.6739155414420894	79
KCNIP3	20	1.5941433743624172	154
ZNF25	20	0.8986945224051186	258
ZBTB18	20	0.8044621163631582	292
MYT1L	20	0.7515206933013635	326
HIF1A	20	0.44563247597609074	563
TBR1	20	0.32090772871644363	765
ZNF727	20	0.3034131435176636	794
ZNF517	20	0.2511509166425382	969
RBPJ	20	0.24661481028448604	985
MITF	20	0.23630305603351098	1029
PBX1	21	4.536568170686918	36
CSRNP3	21	1.4747689534416797	177
VDR	21	1.2346462258071005	204
ZNF704	21	1.0432524098978664	233
AEBP1	21	0.6474670900140872	381
TFAP4	21	0.4733951892175575	528
POU6F2	22	4.103184738014905	42
MYT1L	22	3.29699891074919	56
ZNF808	22	0.4469895092775199	562
KLF5	22	0.4164890136283776	604
ELK1	22	0.34509683032601973	715
PBX3	22	0.23324677512389264	1038
HEYL	23	1.6112320047818913	152
TFAP2E	23	1.3226816716642573	189
FOXN2	23	0.8612393839817416	273
JPH2	23	0.5608667561395485	447
TEAD3	23	0.4772455758437758	522
FOXJ1	23	0.4550681724743354	551
AEBP1	23	0.4057929138414545	620
ZNF397	23	0.3231984444195572	757
ZNF121	23	0.31091569613212977	788
ZC3H8	23	0.2919010569564009	829
NR1I2	23	0.2759243512195148	878
ZNF697	23	0.2686991851817353	902
RELA	23	0.26734561751367486	905
RELB	24	1.618233263722615	149
ZNF286A	24	0.993496515484264	242
ZNF445	24	0.7777332491230906	308
STAT6	24	0.7640747802954813	317
ZNF66	24	0.5769161042699863	433
SOX6	24	0.5674308016470525	440
ZNF891	24	0.5278279218854195	467
ZNF711	24	0.41834081705838494	601
ZNF84	24	0.3965518364406205	630
HOXB3	24	0.38133294920035626	653
ZBTB8B	24	0.37932818222695797	660
ZNF519	24	0.2979305115283843	809
ZNF774	24	0.2829161646104687	857
FOXJ1	25	4.755258130451159	33
ZNF165	25	0.7925590248135918	297
ZNF487	25	0.7824305414095849	305
ZNF19	25	0.6882463144668088	349
YY1	25	0.407563444771286	616
GRHL1	25	0.32086614111601924	766
RFX4	25	0.26435919290019416	923
FOXN3	25	0.2529433965837049	962
EPAS1	25	0.2370533996346317	1027
ZNF500	26	3.6214757661602235	49
ZNF213	26	2.012582180505462	107
ZNF629	26	1.15760859370073	219
TFAP4	26	1.0085780005544984	239
ZNF689	26	0.5163766537920976	481
ZNF414	26	0.38158763927615774	652
ZNF775	26	0.35301818094933457	705
ZBTB43	26	0.25355599824681874	959
ZNF646	26	0.23451621624076788	1036
ZNF248	27	2.4897099927682977	88
ETV5	27	1.6331196540202704	145
SALL4	27	1.5527755358657807	162
SP140L	27	1.2670612460548638	199
NFIB	27	0.8751971883973728	271
GRHL1	27	0.3175016906509687	774
ZNF25	27	0.2376520708106753	1021
MEF2A	28	2.809652168846784	74
ESR2	28	0.6376115762030619	388
ZHX2	28	0.5901771804713183	426
TFAP4	28	0.5461395811160665	456
ZNF37A	28	0.3786110679340195	663
PRDM4	28	0.37519490478282036	671
NFIA	28	0.3239420606147269	753
HIVEP1	28	0.288205604527842	841
BCL6B	28	0.28466182452436023	851
EMX2	28	0.2823202795318391	861
ESRRB	28	0.25875580737177417	940
KLF6	29	2.820806887449498	73
JUNB	29	1.6121433304506678	151
EGR2	29	1.5930720179763214	155
NR4A3	29	1.388346725940854	182
FOS	29	0.8769554197264253	270
EGR1	29	0.6897695622627446	348
NR4A2	29	0.3660531755385557	689
ZBED6	29	0.26474299480737856	920
ZNF610	29	0.26139818293141726	933
ATF3	29	0.2511371220626588	970
RUNX2	30	3.0445488572685586	65
NPAS3	30	2.2675563702896278	94
MSC	30	0.6557051723458629	372
SATB2	30	0.6253003553591349	400
ETS2	30	0.5986419559975641	418
STAT6	30	0.5022043198755846	493
POU3F1	31	3.219071969938973	59
TEAD2	31	0.49479853318106004	507
NFKB2	31	0.46367796097330277	540
ZNF630	31	0.4030429677401907	625
MYT1	31	0.33061360871025586	737
VSX1	31	0.3093378136454405	790
ZNF182	31	0.3020489071351152	798
ZFAT	31	0.29889511281600506	807
AEBP1	31	0.28507423489523515	848
IRF3	32	2.9147913308216085	70
NR2F6	32	1.3784720492159075	184
ZNF787	32	1.1753533160844154	215
SLC2A4RG	32	0.7825415096309787	304
KLF16	32	0.591601283971471	423
NACC1	32	0.5242623287777936	471
NR1H2	32	0.4678173542410322	535
ZNF561	32	0.46353321981496304	541
ESRRA	32	0.39960533125282477	627
ZNF581	32	0.3189490342807704	770
SIX5	32	0.29263441215865543	826
SOX4	33	3.863756020450806	45
RXRG	33	1.8113766808542773	132
MYT1	33	0.8419745396675119	281
ZFHX3	33	0.654727252153531	374
ZBTB12	33	0.6409642706960971	386
ZNF217	33	0.5027945648057905	492
MYT1L	33	0.46520161649081126	538
DBX2	33	0.27348087583379677	882
FOXC1	33	0.2576210502811099	943
MNT	33	0.23401410712387954	1037
NR3C2	34	3.1757045289421946	61
KLF15	34	1.5359998317534214	166
THRB	34	1.2346649130458534	203
MEF2C	34	0.5354998828133791	463
POU6F2	34	0.27458233566268336	880
EMX2	34	0.24653020805813253	986
ZSCAN25	35	4.403116890651296	38
ZNF786	35	2.560836273651603	84
ZKSCAN5	35	0.8929596466694745	259
POU6F1	35	0.8424067924882624	280
ZNF398	35	0.567583561329657	439
ZNF282	35	0.4430540447497798	568
GTF2I	35	0.32277815143160826	760
SP100	36	6.195231241474376	19
TFEC	36	2.783520205989278	77
PRDM1	36	0.4544229530853986	552
IKZF3	36	0.37265221714772384	679
SP140	36	0.3190287438482505	769
ELF4	37	1.8199011875909366	128
ZEB1	37	1.8109252651196057	133
ZNF253	37	0.7704474005245612	313
ETV1	37	0.6298365976243778	394
ZNF620	37	0.4127417126064792	609
ZBTB7B	37	0.3907246117687399	641
ZFP1	37	0.380151983664776	658
ZNF510	37	0.37907437554789747	662
ZNF131	37	0.33310200142257607	730
ZNF24	37	0.27841131690633025	870
ZNF675	37	0.25500531253088893	953
MYT1L	38	7.426153882064395	11
ASCL1	38	0.5445697171536421	457
ZNF217	38	0.40655168368841277	618
MSX1	38	0.2810973866278571	862
SOX8	38	0.23713433236683013	1026
ZHX3	39	4.800142295698709	31
ZNF275	39	0.49943609425714086	498
HEY1	39	0.38374176825238737	651
ZEB2	39	0.3051422227542618	792
AR	39	0.27161364693761897	891
MYB	39	0.26930499148530274	899
RFX4	39	0.25596148757267206	949
POU5F1B	39	0.24317099001993275	999
DBX2	40	3.9709488080341666	44
ZNF860	40	0.8608738615917373	274
ZBTB7C	40	0.5853411269428852	427
ZNF25	41	4.27648088056561	40
ZNF248	41	3.317084158821465	55
ZNF572	41	1.4910629345157902	175
ZNF33A	41	0.7606781877797759	321
ZNF37A	41	0.6394776498881168	387
ZNF492	41	0.373260333873537	676
PPARD	41	0.24739301485974727	983
ZBTB6	42	5.023833164413981	28
ATF2	42	1.626162429009408	146
ZNF644	42	1.0863483762807644	227
MYNN	42	0.4537230990057081	554
ZNF354A	42	0.3764676076722778	667
SMAD5	42	0.3263354542005875	744
ZNF131	42	0.29397649566908235	822
ZNF558	43	1.8470661810066962	123
MSC	43	0.6808616613404738	354
TCFL5	43	0.44312492034984946	567
ZNF713	43	0.3648397961379388	690
NACC2	43	0.3476736306660394	710
ZNF572	43	0.33274422574245466	732
ETS2	43	0.3219704549959154	762
ZBTB5	43	0.3193286910186314	768
ZBTB7C	43	0.30323850277731945	795
RBPJ	43	0.28324485615173123	856
HEYL	43	0.26604301504221284	913
SIX4	43	0.25558060767009266	951
ZNF521	43	0.24776811870671214	982
ZNF395	44	4.700806710544543	34
MAFF	44	0.8147492034589795	286
BHLHE40	44	0.5252092621305935	470
ATF4	44	0.4126340061576677	610
ENO1	44	0.27957672106854914	864
MLXIP	45	1.8852567132401918	117
ZBED6	45	0.7963280030324433	296
TSHZ3	45	0.7274759930821498	331
CDC5L	45	0.4569753580846465	549
REL	45	0.40974128955233274	612
ZNF484	45	0.4084976028481387	614
ZBTB16	45	0.3253151989182812	749
ELF2	45	0.2839453218137809	854
ZNF837	45	0.2534824045029305	960
FOXQ1	45	0.24917299133934848	977
MXD1	45	0.241523862819465	1005
ATOH8	45	0.23732779625311798	1025
ZNF493	46	3.0317010748348427	66
ZNF14	46	1.1532482153405494	220
ZNF69	46	0.8828529084160163	263
ZNF606	46	0.5387831966854448	461
ZNF131	46	0.4235070571071808	592
ZNF852	46	0.32561929125798555	747
ZNF433	46	0.2861041395880975	845
ZNF254	46	0.26079747314750973	936
SMAD4	46	0.26029026751096157	937
ZNF253	47	1.5289724106784441	168
ZNF8	47	1.292311511011216	194
STAT6	47	1.235198484677442	202
ZNF66	47	0.7796098556154425	307
ZNF84	47	0.7746450300236039	310
ZFP14	47	0.5783807760666315	431
ZNF585A	47	0.5015328024452028	496
ZNF711	47	0.4948086582667843	506
ZNF726	47	0.46457352140793146	539
ZNF75A	47	0.3926657741767832	638
ZNF418	47	0.3696157786879812	687
RELB	47	0.23914793330763878	1016
NFE2	48	4.336077406952832	39
CEBPD	48	1.8906177762471847	116
CEBPB	48	0.5200065989546285	475
MXD1	48	0.4202953663247348	598
JUNB	48	0.3757396887576605	668
KLF9	49	4.938227535269854	29
TFCP2L1	49	3.056110074279342	64
FOXO1	49	0.3114749542228039	786
BCL6B	50	3.0898104367853194	62
ZNF366	50	2.1472458885913652	98
TBX3	50	1.9462722466079059	112
FOXQ1	50	0.6787807863401552	358
ZGLP1	50	0.36979490436562606	685
SALL1	50	0.35726480499070734	699
GATA2	50	0.2503625869815527	973
ZNF572	51	3.634944916270869	48
ETV7	51	1.1618980964608407	218
MXD4	51	0.6371997774145461	389
TFAP2E	51	0.5105253735474226	484
ZNF248	51	0.31523774866446824	778
NFATC4	51	0.2709002021388355	893
TBX18	52	5.554711183431831	22
STAT4	52	1.127589277461073	225
ZBTB49	52	0.32165678119925056	763
NPAS3	52	0.24862990620439493	980
ZNF536	53	1.738310664588434	135
IRF8	53	1.3095963914143924	191
HHEX	53	0.7108994609580973	338
FOXG1	53	0.47120531665011356	530
ZNF585B	53	0.3727776594849517	678
ETS2	53	0.3259630684974412	746
BATF	54	4.79049961254868	32
SPI1	54	2.397883483773763	92
MAFB	54	0.7895537091005719	301
FOSL2	54	0.7115219158925535	337
ESR1	54	0.43912904507574135	575
RELB	54	0.4274671887900745	584
KLF12	54	0.3907787028307298	640
PPARG	54	0.2893426040871566	838
OSR1	54	0.25977361632464374	938
ARNT	54	0.2503579661370611	974
STAT6	54	0.24339809093597564	997
FOXJ1	55	1.4300119293712437	179
FOXG1	55	0.47416000693451227	526
ZNF146	55	0.3957465183807688	632
RFX4	55	0.3726251716167289	680
ZSCAN20	55	0.3609017493735711	693
ZNF425	55	0.31714398292444285	775
MECOM	55	0.2520612230073827	964
GRHL1	55	0.25155782277218053	968
LHX6	55	0.2350681353431318	1034
STAT6	56	3.0199512865966445	67
ZBTB8B	56	0.7139838067026426	336
IKZF1	56	0.4449346605042642	564
ZNF711	56	0.3718348033478795	681
NR1D2	56	0.3491298082632516	708
RUNX2	56	0.31148433181897806	785
LYL1	56	0.3030083439494807	796
NFE2L3	56	0.25203940990323853	965
DBX2	57	1.1870804078217285	212
RBPJ	57	0.9000679325230547	257
HES1	57	0.679644952213679	356
NR3C2	57	0.5961692605657963	420
NR2E1	57	0.4692970437822751	533
LEF1	57	0.39600297525005246	631
EPAS1	57	0.27834071312064246	871
ZFP69B	57	0.27644555529672876	876
PBX1	58	2.0831739384068415	101
HIC1	58	2.041869160846797	103
ZFP2	58	1.253620432593528	200
STAT6	58	0.7278646196946121	330
HLX	58	0.7008956044481726	342
RUNX2	58	0.4830643742698188	512
BATF	58	0.44236112193682675	569
ZNF157	58	0.41870165065030224	599
ZIC4	58	0.37351549962450686	675
ZNF782	58	0.2795677511939478	865
FOXP1	58	0.24634945149419657	987
GRHL1	59	1.4896904757481908	176
ETV4	59	1.1882079618312733	211
KLF13	59	0.9170858232496503	254
ZNF655	59	0.8067996520935468	291
ZNF800	59	0.7924388828568103	298
POU6F2	59	0.46861309084392333	534
ZNF688	59	0.45272628771383705	557
MXD4	59	0.37931160154966465	661
ZNF32	59	0.3180267001295286	773
ZNF248	59	0.2857083098945159	847
MYT1L	60	8.20984346769075	6
ALX3	60	0.8464789796500775	278
ZBTB18	60	0.2993174444118179	806
ZNF630	60	0.29262911177820916	827
YY2	60	0.2784197431521679	869
MYT1	60	0.2720241546078209	890
ZNF197	60	0.25476801857552633	955
EMX2	60	0.24150592307026233	1006
MYT1L	61	7.986953092330051	8
NR1D1	61	0.4897010621708744	509
ZNF674	61	0.3395703682676657	723
ZNF808	61	0.2910014193060443	833
MYT1L	62	7.325806060152188	13
PEG3	62	0.4049349996987132	622
STOX2	62	0.2987837368730385	808
ZNF215	62	0.278177148816359	872
MYT1L	63	8.412779201789656	4
PRDM2	63	0.36258332904693946	691
POU6F2	64	5.053756937898414	26
ZNF483	64	2.1556249066801345	96
STOX2	64	0.3548966901423595	704
MYT1L	64	0.337128116046666	725
NFE2	64	0.3184783876785822	771
TEF	64	0.24714179041731443	984
RXRB	65	1.9542141871706462	110
ATF6B	65	1.5638315858478804	158
ZBTB22	65	0.9964442745019251	241
ZKSCAN4	65	0.5327438888421191	464
ZNF76	65	0.4499083200635132	560
PBX2	65	0.44066812605942035	573
MXD4	65	0.3609025648167167	692
MYBL1	65	0.2727670233134405	885
FOXO4	65	0.252780783629758	963
ZNF214	66	1.013378582306099	236
ZNF22	66	0.8145808824030136	287
ZNF530	66	0.6430987610832374	384
ZBTB12	66	0.6237870967417324	403
ZEB1	66	0.5167335460754781	480
ZNF445	66	0.5021987476807565	494
CTCF	66	0.4977334489691784	501
BACH2	66	0.259326141898509	939
MXD1	67	2.668911642532859	80
VDR	67	2.451703886592893	89
CEBPB	67	1.5118433478696682	173
MAFB	67	1.1486396024961365	221
NR1D2	67	0.5643136343158978	444
PRDM1	67	0.5628376142688101	445
FOXC1	67	0.28580167813468427	846
TSHZ3	68	1.2174929715183394	207
SP100	68	0.7641449763595963	316
ELF4	68	0.6715332635694676	361
ZSCAN16	68	0.604410876484536	415
MYT1L	68	0.4441732404670827	565
VEZF1	68	0.42876598586019055	583
SP110	68	0.3809889001465187	655
ZFP62	68	0.37464549996348856	672
ZNF646	68	0.3608456197037173	694
MYCN	68	0.3425495218464316	716
STAT6	68	0.29143774934252287	831
ZBED6	68	0.27020184303824524	894
ZHX2	68	0.2662249947708672	912
ZBTB46	68	0.2508713555507966	971
SOX8	68	0.24386187422502192	993
ZBTB8A	68	0.23810668036433388	1019
KCNIP3	69	2.6853286196147605	78
SOX10	69	1.8122549131220627	131
MYT1L	69	0.7868526895880427	302
ETS2	69	0.7266078859000888	332
ZNF483	69	0.48772402026442574	510
MYRF	69	0.4554695743627452	550
ZNF701	69	0.38464296883543964	649
HLF	69	0.2889367852150417	839
NR3C2	70	1.951246993424682	111
HES5	70	1.8744717981039964	119
ARNT2	70	0.8076859028855968	290
CSRNP3	70	0.7057411714799707	340
NFIA	70	0.70108607837626	341
ZNF362	70	0.5907033451610012	424
ZNF215	70	0.274455194485569	881
ZNF704	70	0.26692355773224385	909
TFAP4	70	0.2422326867737568	1003
POU3F3	70	0.2390661851322948	1017
ZNF727	71	1.5159364647388864	171
ZBTB18	71	1.3349767195524636	188
MYT1L	71	1.0093927641641198	238
ZFP69	71	0.5495415419658136	453
SOX10	71	0.509904617452853	485
ETV7	71	0.42222083145222583	596
RFX8	71	0.4182318194912596	602
ZNF512	71	0.240428926535743	1013
ARX	71	0.2402054951138552	1014
FOXC2	72	3.1887328640790598	60
TBX18	72	1.6221324410303768	147
ZNF248	72	0.8816304911872026	265
ZNF891	72	0.6065984386297343	414
ZNF37A	72	0.5195249438699752	476
ZNF25	72	0.39488887605240947	633
ZNF572	72	0.37306415184343056	677
TFAP2E	72	0.3481092811665633	709
PBX1	72	0.26727073265147283	906
HES7	72	0.24497148848536426	992
ZNF28	73	1.5301133515462957	167
ZNF730	73	1.5280527946710207	169
ZNF329	73	1.1826876835501068	214
ZFP82	73	0.8822759823905213	264
ZNF665	73	0.836654316771393	282
ZNF544	73	0.7736391809035361	311
ZNF135	73	0.29004762264010236	836
ZNF677	73	0.2375044756013261	1024
FOXJ1	74	2.061310888370021	102
ARNT2	74	0.9045469578609165	256
NACC2	74	0.754425641553882	324
AHR	74	0.3234178665793126	756
ZNF22	74	0.3019298524358611	800
ZNF140	74	0.29725131534171506	812
ZBTB1	74	0.27210834911260157	889
SP3	74	0.26480782253745183	919
VDR	75	2.3917444200522953	93
ZNF510	75	1.6012654547958767	153
ZNF704	75	1.206366861379316	210
CEBPB	75	1.1730375934581712	216
BHLHE40	75	0.8496620619688328	277
FOSL2	75	0.5650600366084816	443
NFKB2	75	0.5414543845695651	458
NFKB1	75	0.5310152173270938	466
ZNF18	75	0.40112205550359586	626
LRRFIP1	75	0.30248999392327625	797
XBP1	75	0.26303328234548784	927
ZBTB7B	75	0.25741922810257983	944
MEF2C	76	1.6209852484317424	148
ZNF727	76	1.5887342681634304	156
SOX10	76	1.013523799139607	235
CEBPA	76	0.7150822086197332	334
ZNF208	76	0.6653183636354613	368
ETV5	76	0.5694937368981685	437
IRF8	76	0.35957930445223346	696
ZNF521	76	0.278622312820248	868
ZBTB18	76	0.27250118884798274	887
SKIDA1	76	0.2382331420054936	1018
ST18	76	0.23303054678312413	1041
POU6F2	77	2.579229952871975	82
ST18	77	1.561608212157872	159
MYRF	77	1.2087082704646461	209
MYT1L	77	0.6800133966082884	355
RBPJ	77	0.49613225839924485	504
TEF	77	0.3318778853538758	733
SP1	77	0.2533418085139141	961
DBX2	78	4.931753188508363	30
ZNF835	78	0.821513983887486	285
POU3F2	78	0.7190361565254396	333
ZIC2	78	0.3905186444208865	642
ZHX3	78	0.3265956485176217	743
ZIK1	79	1.1682298086254512	217
ETV1	79	0.5391850742490228	460
ZNF420	79	0.5016774076963517	495
ZNF726	79	0.42702270432214023	585
ZNF583	79	0.42591675955595293	587
ELK3	79	0.34147191372955316	721
BHLHE41	79	0.2670815498416992	907
FOXP3	79	0.24325199070572665	998
RBPJ	80	2.942376005642958	69
ZNF22	80	1.8460833681554907	124
ZNF281	80	1.051829920438988	232
ZNF492	80	0.6861767197633373	352
ZNF540	80	0.33172016505880225	734
HOXB3	80	0.28338837414535256	855
KLF16	80	0.23323855273884142	1039
POU3F1	81	1.7006724591788753	137
FOXG1	81	0.6040393062245353	416
ZNF362	81	0.48050456232866523	518
PATZ1	81	0.3242804695201409	752
VSX1	81	0.28480642977550896	850
SATB2	81	0.2699863621870268	895
DBX2	81	0.25622467184790665	946
CC2D1B	82	1.379963970404334	183
ARNT	82	1.3353293307593297	187
HNF4G	82	0.9567492496648422	247
MEIS3	82	0.40616509568381437	619
ZNF713	82	0.39862279021600133	629
ZNF790	82	0.38994749445100607	645
MSX1	82	0.3305697106875857	738
ZNF660	82	0.3120914971944547	783
ZEB2	82	0.30018826973769747	803
ZBTB7B	82	0.26138153430052846	934
CSRNP3	82	0.25806696177454896	942
NR3C2	82	0.23620812486064685	1030
MYT1L	83	6.655457091844478	16
SOX8	83	1.8390088552388568	126
ASCL1	83	0.549379404687035	454
HEYL	84	2.5445346138212046	86
TFAP2E	84	2.0395613887912214	104
ZNF22	84	0.527192419860634	469
TEAD3	84	0.5208217702858227	473
ETV7	84	0.29459752357803387	820
FOSL2	84	0.2899704273556546	837
GABPA	84	0.27892953102534374	866
CASZ1	84	0.2724490684402614	888
MYT1L	85	8.204590247039757	7
NFIB	85	0.30688203865894337	791
MYBL2	86	5.702103755159388	21
E2F2	86	2.552746262204344	85
E2F8	86	2.501741924334865	87
FOXM1	86	1.5024177085035526	174
E2F1	86	0.7772168017975591	309
ZNF821	87	1.7798243315009374	134
POU2F1	87	1.054436144685844	230
STAT5A	87	1.039588895659176	234
STAT6	87	0.7073937349680756	339
NFE2L2	87	0.5043011639708375	490
VDR	87	0.5034029533459856	491
PBX1	87	0.48237525685821175	514
ZNF678	87	0.4435612503863281	566
ZKSCAN8	87	0.4350928053659272	577
BATF	87	0.3856518758673034	647
ZNF217	87	0.38468978886271477	648
KLF12	87	0.3703161763964354	683
ZNF184	87	0.3424698802325471	718
CEBPB	87	0.3168427446357479	776
PGBD1	87	0.31218581678495966	782
ZEB1	87	0.2934453024133351	824
CREB3L1	88	3.4984355205785502	51
SMAD1	88	0.48068042623372775	517
HEYL	88	0.3308175374502453	735
POU3F2	88	0.26428614278506973	924
ZNF521	88	0.23652023572461603	1028
MYT1L	89	5.276508552017172	25
STOX2	89	0.7820246545838744	306
SOX8	89	0.4117809846737999	611
ZNF484	89	0.3795302762198699	659
ZNF217	89	0.3358896617693226	727
SP100	89	0.32297562458002854	758
SOX9	89	0.2823843597723623	859
SP140L	89	0.2780160987951078	874
TSHZ1	89	0.24202223448860277	1004
PRDM1	89	0.24096066342025393	1009
HLF	89	0.2408022635892258	1010
VDR	90	8.480677754841983	3
MAFB	90	0.5707987177454718	435
FOSL2	90	0.5465862400990558	455
ZNF48	91	2.4026430215537036	91
THAP11	91	1.8959346014635303	115
ZNF688	91	0.4333402821388938	580
CREB3L4	91	0.423477837061131	593
ZSCAN29	91	0.41572107004603154	605
ZNF689	91	0.34242204090133993	719
KLF13	91	0.30998880908999193	789
PPARG	91	0.2714089027544839	892
POU6F2	92	5.0534155390348	27
LHX6	92	0.8434284747960735	279
MYT1L	92	0.8129058942284052	288
GSC	92	0.4396250383690379	574
SIX1	92	0.3995744803204838	628
RFX2	92	0.3603073592740418	695
TBR1	92	0.2839853464815095	853
SOX8	92	0.235486865398385	1033
POU6F2	93	3.073771621462179	63
ZNF483	93	1.071219255740109	229
RXRG	93	0.6841493242426492	353
LHX6	93	0.6445189912284487	382
TBR1	93	0.29271317037579897	825
ZNF655	93	0.24250959767527527	1001
MYT1L	93	0.24238408738445205	1002
MYRF	94	6.178781238945078	20
ST18	94	1.7369653193054249	136
PURG	94	0.29192932565211416	828
AHRR	94	0.286718440091098	843
SOX10	94	0.2681728845848616	903
ZNF701	94	0.25174421948454007	967
PBX1	95	2.016648115936494	105
EBF2	95	1.2143942196115554	208
FOXC2	95	0.9319786691388752	252
ZKSCAN2	95	0.8845195382983824	262
TBX18	95	0.66819993585114	363
RFX5	95	0.6009189450743938	417
RUNX1	95	0.49897754339494543	500
ZNF572	95	0.4677064539732339	536
HES6	96	2.8964208917308842	72
ZBED1	96	0.5953947934382855	421
ASCL1	96	0.41773976750650005	603
ESR2	96	0.3552039763010507	702
E2F2	96	0.2994473716863463	805
PLAG1	96	0.2660211339844733	914
EGR3	96	0.23608458522409212	1031
STAT6	97	1.9931823803506394	108
ZNF397	97	1.5232311473048261	170
ZNF853	97	1.2859146313485552	195
HIC1	97	0.6367987152941136	390
SOX2	97	0.5781497338420517	432
KCNIP3	97	0.4151722088554635	606
MYT1L	97	0.25203458519796057	966
ZNF37A	97	0.24908675822670379	978
ETV5	97	0.2489596850031849	979
TSHZ3	98	3.5700189932521407	50
ETV3	98	0.9423931692261928	250
MXD1	98	0.6613474952844842	369
NKX3-1	98	0.5402719240548846	459
NR4A3	99	1.8527348699403579	121
FOS	99	1.6873912007596903	140
EGR2	99	1.6530778968226216	143
KLF6	99	1.572422279386522	157
JUNB	99	1.543017807278629	165
EGR1	99	0.6486278733318145	379
NR4A2	99	0.26441063377196095	922
ATF3	99	0.2546957839035474	956
ZBED3	100	2.561479590339866	83
NFIX	100	1.663257345423227	142
GTF2IRD1	100	0.7579345613628905	322
ZNF142	100	0.6580836161407213	371
SKOR1	100	0.6242972923364811	401
ZNF774	100	0.29142735244241674	832
SP2	100	0.2646537717365335	921
RORA	100	0.24372358865825133	995
KCNIP3	101	3.9807664716925184	43
POU6F2	101	1.884460025286964	118
MYT1L	101	1.273215667288907	198
THRA	101	0.282716584900589	858
RFX4	102	1.8446835240889192	125
ZHX2	102	1.0841266334770474	228
HES5	102	0.7840902400252135	303
SOX21	102	0.7636892115948148	319
TCF7L1	102	0.5679768087866109	438
POU3F4	102	0.5551092518566146	451
HEY1	102	0.37161001285408246	682
ASCL1	102	0.35843306320393564	697
SKOR1	102	0.33077995911195335	736
SALL3	102	0.3235826540483144	755
PBX1	102	0.29584603498750595	816
THRA	102	0.2357866766615751	1032
IKZF2	103	2.8079202355591764	75
GRHL3	103	1.5128209962476182	172
RFX4	103	0.5653360641132589	442
THRA	103	0.5556175447506904	450
ZNF423	103	0.4828157320640137	513
ZBTB47	103	0.2963901394263914	813
ZNF19	103	0.2690223724817652	900
ZNF808	103	0.2614268593487034	932
FOXJ1	104	3.7802574963948468	46
ZNF487	104	1.5551036939999954	161
ZNF396	104	0.4971401461271766	503
ZNF165	104	0.48681452934272673	511
ZNF771	104	0.3051257100305638	793
MYT1L	105	7.283750259455068	14
MYT1	105	0.3211480126300067	764
MYT1L	106	6.631750053041129	18
ZNF708	106	0.7328755857777712	329
SLC2A4RG	106	0.6788130642980007	357
SOX10	106	0.5583535603648838	449
ZNF532	106	0.3696714326826668	686
ZSCAN26	106	0.2626268518910137	928
ARNT2	107	1.8312781144508201	127
NR3C2	107	1.649198629918331	144
ZFP41	107	0.6223611584945021	404
KLF3	107	0.48979137249924687	508
MXD1	107	0.4349491514651149	578
SP3	107	0.2949914505709424	818
ATF1	107	0.2874066061523685	842
NR2E1	107	0.2436506744503178	996
ZBTB20	107	0.2406109742179928	1011
KLF9	108	5.443464352296644	23
TFCP2L1	108	0.7682601781473403	315
ZBTB16	108	0.5848117004806201	428
FOXO1	108	0.5627675541118858	446
CREB3L4	108	0.3422185878365188	720
MAZ	108	0.2904128052621294	834
ZNF668	108	0.2612216394904001	935
SOX8	109	1.2376372712650727	201
HES6	109	1.0055997983260692	240
ASCL1	109	0.9896156856472773	244
SATB1	109	0.7980172614620993	295
PRDM1	109	0.5902874691567574	425
KCNIP3	109	0.5113241680621096	483
SALL3	109	0.47186942713858965	529
SP140L	109	0.4700928483387617	531
CSRNP3	109	0.413685995769056	607
LBX2	109	0.31663535026238987	777
TBX18	109	0.2955979364104645	817
ZNF10	109	0.2376311411032722	1022
SLC2A4RG	110	2.1319714153100104	99
SOX10	110	1.819278528795694	129
ETV4	110	0.6691668475610066	362
ZNF217	110	0.654774479902379	373
ST18	110	0.42634078999165237	586
KLF16	110	0.3902227065126379	643
ZNF248	110	0.2732682490335878	883
MYRF	110	0.2657309721318392	915
ZNF691	110	0.24299798016587978	1000
ZNF800	110	0.2378474373976362	1020
RUNX2	111	1.818034706184309	130
BATF	111	1.2948236195283536	193
STAT6	111	1.0107393326118475	237
STAT4	111	0.6908272599761519	347
ETS2	111	0.6088956778780125	412
ETV3	111	0.5325817515633404	465
TEAD1	111	0.34731891289771394	711
MSC	111	0.3112360293811502	787
IKZF3	111	0.28647176853956124	844
ZNF704	112	4.651067668622616	35
PURG	112	0.8022394901627001	293
STOX2	112	0.7464847882486687	327
VSX1	112	0.6954076041248515	344
NFE2L2	112	0.35641490937223086	700
SATB1	112	0.23755809098814773	1023
MXD1	113	3.49831850448716	52
MAFF	113	1.9444577497018085	113
ATF3	113	0.8791811717922746	267
CEBPB	113	0.6871341859234342	350
NFIL3	113	0.4758277240744059	523
VDR	113	0.2561758132127676	947
RFX4	114	1.6993540914732657	138
SALL2	114	1.1324010715559252	224
PRDM16	114	0.6868206480339604	351
NPAS3	114	0.6293160051295232	396
ZEB2	114	0.6165043060549988	408
RFX5	114	0.579714161516839	430
SOX10	114	0.335039154568487	729
ZNF687	114	0.3272133467003955	742
SOX9	114	0.26802291099967107	904
ZNF765	115	1.2859060691955269	196
ZNF761	115	0.8928941394034465	260
ZBTB1	115	0.7003416467379446	343
SIX4	115	0.4240896912346948	589
PLSCR1	115	0.26701590666848035	908
RUNX2	116	3.4523040670862457	53
RELB	116	1.346934513746379	186
STAT6	116	1.3108269630746616	190
KLF12	116	0.6270205326747271	399
IRF1	116	0.5152057453886463	482
NFKB1	116	0.47527254319945955	525
BATF	116	0.3743387574335611	674
FOSL2	116	0.29384874290960883	823
TFAP4	116	0.28099171878690965	863
ZNF688	117	2.6273005981180546	81
ZNF213	117	0.6515769234677896	378
ZNF319	117	0.5813693751951672	429
RFX5	117	0.5387805464952217	462
ZNF646	117	0.39174928403475145	639
ZNF500	117	0.3839143703848676	650
ELK1	117	0.3366694292772795	726
MYT1L	118	0.6540182922920483	375
ZNF337	118	0.6529568571308904	377
STOX2	118	0.5707295409852886	436
ST18	118	0.45299959707479587	556
ZFP2	118	0.44143307968356593	570
ETS2	118	0.4043427161606432	624
POU2F1	118	0.37015505842158875	684
STAT6	118	0.2542691032776248	957
TEAD3	119	1.280081766528251	197
FOXL1	119	0.7633894003316247	320
HNF4G	119	0.7537837518911229	325
ZSCAN12	119	0.6425357655448126	385
ZNF236	119	0.3195385996750218	767
RFX5	119	0.2949849949793733	819
ZBTB20	119	0.2769546636339499	875
ETV5	119	0.27489736853125746	879
PBX1	120	1.9190600254432981	114
VDR	120	1.136231479825077	223
ZNF704	120	0.8243224380344447	283
NFKB1	120	0.65878319840603	370
BATF	120	0.5602887428565262	448
NFKB2	120	0.375625254902898	669
STAT6	120	0.35503592705946657	703
CEBPB	120	0.34680620301993315	714
FOSL2	120	0.3128623627814058	781
TFAP2E	120	0.26633861318248414	911
STAT3	120	0.2505031829705691	972
ARNT	121	1.4410301292006693	178
ESRRG	121	0.6165360403840809	407
ASCL1	121	0.5192977070467413	477
POU3F1	121	0.46973262632920354	532
STOX2	121	0.4085003889455527	613
ARNT2	121	0.3938324015037204	637
SOX1	121	0.35560775656530164	701
ZBED6	121	0.3327811245447919	731
MYT1	121	0.2687192994459929	901
NFE2L2	121	0.24016288820949888	1015
BATF	122	1.6742982417535377	141
ZNF710	122	0.5274355578252066	468
ZBTB10	122	0.5200091132376609	474
STAT6	122	0.48102671775621564	515
STAT4	122	0.47752187516293515	521
ETS2	122	0.47559858455049897	524
ELF4	122	0.4589751644455758	547
IRF1	122	0.4186317943541646	600
SPI1	122	0.32270516927007925	761
ZNF493	122	0.28398772485735074	852
ZNF555	122	0.2699488518023303	896
IKZF3	122	0.26959311473007286	898
SNAI1	122	0.2635374300702401	925
ZBTB12	123	1.3070142906939262	192
ZBED4	123	0.8885611463422383	261
ZSCAN16	123	0.6721882003225561	360
VDR	123	0.318172120823823	772
ZNF821	123	0.25840000234592125	941
ZNF280C	123	0.2498228995263724	975
PATZ1	123	0.24630351486366248	988
SP4	123	0.2412446414957007	1007
FOXL2	123	0.23454237837502176	1035
TBX2	124	2.098985992581917	100
GRHL1	124	0.9899662582462797	243
DBX2	124	0.733130139946382	328
ETV4	124	0.7146620515389752	335
SALL4	124	0.6298909605007496	393
ETV5	124	0.4809347085879565	516
ZNF835	124	0.330149009978064	739
TCF7L2	124	0.24046711645639413	1012
FOXD1	125	0.473649879293359	527
ZNF239	125	0.3011613652247513	802
GLI1	125	0.2994599431015073	804
ESRRB	125	0.29635772556135476	814
SOX18	125	0.2558306769014026	950
TSHZ2	125	0.23312547795598823	1040
DBP	126	3.2465600827011674	58
ZEB2	126	0.3350971869390138	728
RFX2	126	0.2849865068034903	849
JUND	126	0.2760915170643578	877
DBX2	126	0.2549096338684747	954
MYT1	127	1.349090885191259	185
ZNF396	127	0.7638768314718927	318
DBX2	127	0.6359745061347228	392
ZFP69B	127	0.6183906299115022	406
ZNF217	127	0.4628742058461468	542
ZNF649	127	0.45902470261666956	545
HSF2	127	0.29182956977397206	830
RREB1	127	0.26537367212688606	917
SOX5	127	0.25597399103423757	948
SOX10	127	0.23250241143917283	1042
THRA	128	1.0864774201585519	226
HLF	128	0.9522566336078875	248
ZNF483	128	0.5182659676068015	478
TEF	128	0.4973692856510834	502
ARNT2	128	0.45723378560819855	548
ZNF570	128	0.34720142113115554	712
POU6F2	128	0.27264939563969115	886
ZNF24	128	0.2542685596488611	958
HES5	128	0.24516440874288842	991
ZNF469	129	2.898524123464111	71
ZEB2	129	0.6915305796892112	346
NR2E1	129	0.4411503247728375	571
PAX6	129	0.2437303840177978	994
