Regulator	Target	Score	Overall_rank
MYT1L	0	9.067664032727514	6
ZNF619	0	0.5555140811719186	489
ELK1	0	0.3096434661014473	838
ZNF112	1	4.082199257507928	38
ZNF461	1	1.7238974398921894	137
ZNF227	1	1.467779147106313	168
ZNF420	1	0.7265717389133152	363
ZNF383	1	0.6178818422916015	428
ZNF226	1	0.615799810639639	431
ZNF283	1	0.5599332323935723	485
ZNF570	1	0.39642979415199653	656
ZNF527	1	0.3769235581014906	688
ZNF529	1	0.3365580014847133	779
ZNF614	1	0.3280682659312635	798
ZNF230	1	0.3130742242751363	830
MYT1L	2	12.796623541269902	3
ZEB2	2	0.3082152061885154	846
VDR	3	5.950621652669266	18
ZNF510	3	1.7405503519791266	134
FOSL2	3	1.715381120575104	138
BHLHE40	3	1.2249243365438176	209
NFKB1	3	0.8098179231398052	320
SOX15	3	0.46818496496385614	580
CEBPB	3	0.43617898514524134	611
NFKB2	3	0.4227662416260364	623
PBX1	4	3.854623646678155	41
STAT6	4	1.4161423652409206	181
RUNX2	4	0.8540339853894271	303
TFAP4	4	0.7542786302460409	349
NKX3-1	4	0.6144132422030101	433
VDR	4	0.3377244912223906	775
ZNF704	5	4.387246855729455	32
STOX2	5	1.3913818410444887	182
MYT1	5	1.2321987001931234	208
TSHZ1	5	0.883865253549524	284
PURG	5	0.8137653941400097	317
ZBTB12	5	0.4761337281906422	569
SOX8	5	0.44199458292334476	607
PATZ1	5	0.3612395733558119	719
NFE2L2	5	0.27637926077064173	935
MYRF	6	7.0705802163970946	12
ST18	6	1.2535629670020059	204
GRHL1	6	0.5253042485963312	519
MYT1L	6	0.38719041099066576	672
ZSCAN25	6	0.3549415456376305	728
SOX10	6	0.33942498049626985	771
POU6F2	6	0.30919386638312707	840
ETV4	6	0.2759519594551526	936
FOXJ1	7	9.767061064013454	5
ZNF396	7	0.812288615226781	319
ZNF165	7	0.33384326173157364	784
ZNF169	7	0.279921874124656	925
ZNF417	8	1.4358802286745809	177
ZNF14	8	1.0875148234080314	238
ZNF548	8	0.9253286614978699	274
ZNF749	8	0.7220297648930056	367
ZNF136	8	0.6349837003977531	420
ZNF611	8	0.593836392283677	456
ZNF549	8	0.5290490002405046	515
ZNF841	8	0.4796384996297543	564
ZNF586	8	0.4563009331201738	590
ZNF45	8	0.43112400259334926	617
ZNF761	8	0.41603444823454183	633
ZNF551	8	0.4132355991964562	638
ZNF587	8	0.3896762107903087	670
ZNF599	8	0.34718823844347757	742
ZNF562	8	0.346042303911016	743
ZNF426	8	0.33502122752021923	781
ZNF461	8	0.3223562431448118	809
ZNF766	8	0.31879474514996337	816
ZNF333	8	0.2783715903786422	930
ZNF836	8	0.27764162637716916	933
ZNF253	9	2.328332764210786	90
ZNF730	9	1.8978158301870203	119
ZNF726	9	0.6862977001713495	383
ZNF254	9	0.668770865013196	398
STAT6	9	0.5745486370009752	469
ZNF519	9	0.47448771384224603	570
ZNF891	9	0.44215154334197	606
ZNF678	9	0.40239872068702626	649
ZNF583	9	0.3962928078727151	657
ZNF781	9	0.3669291524729646	706
ZNF66	9	0.3280679753983276	799
ZNF431	9	0.3179029543031887	818
ZNF138	9	0.2959544983934262	878
ZBTB18	10	2.532793719926055	79
KCNIP3	10	2.2590707291552015	94
SOX10	10	1.4673191608355338	169
MYT1L	10	1.0097395922644217	250
ETV4	10	0.7968571036024079	330
POU6F2	10	0.6066847755748774	441
REST	10	0.34397472627261494	751
MXD4	10	0.2960102807171209	877
MAFB	11	4.02733283889373	40
BATF	11	2.506971079949172	80
VDR	11	0.8740318031674921	285
FOSL2	11	0.8679669281303781	288
SPI1	11	0.798882626598336	328
IRF1	11	0.6107411237928141	438
PBX1	11	0.28695189957486184	905
THRA	12	2.748013546057462	69
ZHX2	12	1.6626042874692022	146
ZBTB18	12	0.6480863000078745	411
PRDM4	12	0.5755673907407424	468
ZNF534	12	0.5638382129519	483
ZNF347	12	0.4934210189431383	549
KCNIP3	12	0.2999015335942268	865
MYT1	13	6.0444544939141345	17
MYT1L	13	1.6472254349394628	147
NR2F6	13	0.8503237345313928	305
IRF3	13	0.8128205083991975	318
NACC2	13	0.4030057892566095	648
NKX2-2	13	0.37534792535681855	691
MYRF	14	5.756586398725882	20
ST18	14	2.1300366994958186	102
STAT2	14	0.6035165139087828	445
ZNF502	14	0.5031966532709241	540
SOX10	14	0.3001947539597936	863
PBX1	15	3.2435277095373616	55
ZNF398	15	1.4716297980056254	167
ZNF66	15	0.8143166077526642	316
FOXP1	15	0.7535398776232565	350
ZNF384	15	0.6822884909222643	387
ZNF445	15	0.6705770356425123	397
ZNF142	15	0.6394239152572603	415
ZNF34	15	0.4852988075536141	557
ZBED3	15	0.39382393161658885	664
PKNOX2	15	0.32584859430091384	803
IKZF3	16	15.09892833135135	1
PBX1	17	1.423283737438814	180
FOXC2	17	1.376316473552596	183
RUNX1	17	1.3200150401347064	189
ZKSCAN2	17	1.1418940182887083	229
FOXL1	17	1.1129680507569057	234
TBX18	17	0.42960037524420513	619
SNAI2	17	0.31770161497860333	820
ZBTB5	17	0.2961295444873118	876
NFIA	17	0.28677380288514925	907
FOXP1	17	0.28471058324078685	911
SOX10	18	6.239464849023666	15
MYRF	18	1.5536868309254372	157
TFEB	18	1.4759898257748214	166
ZNF536	18	0.6008846486756113	446
ZNF217	18	0.3796665521826475	685
XBP1	18	0.30367613749756495	857
MYT1L	18	0.2969672235747733	872
SATB2	19	1.9771945126039152	112
DBX2	19	0.6797002056294792	389
ZFHX4	19	0.5678923821728171	476
TFAP4	19	0.5245155243085704	522
ZNF217	19	0.49975892230677327	543
GRHL1	19	0.4877584593890251	554
ZSCAN16	19	0.4718624582333664	574
SOX4	19	0.36436607091236967	713
ZNF891	19	0.2997177715122639	866
ZC3H8	19	0.2777137511785087	932
IKZF1	20	8.469623338328287	8
LYL1	20	3.172267534215058	58
SNAI3	20	0.8363114762989383	309
CEBPA	20	0.8258468431136425	313
HHEX	20	0.611654268810378	437
ZNF217	21	2.005079210093417	110
ZNF711	21	1.7484481266756604	131
ZNF821	21	1.4810269405511551	164
SOX11	21	1.1546081753635185	225
ASCL1	21	0.9714192422499806	263
NR1H2	21	0.5559174135201952	488
MYCN	21	0.5078637743533769	536
SOX8	21	0.42052986435187184	626
SOX4	21	0.3918788136106737	666
PATZ1	21	0.296482614637676	875
POU6F2	22	3.729130777708107	43
LHX6	22	1.0394323488473238	245
RORB	22	0.7260283696899301	364
MYT1L	22	0.7135499074593767	372
DBP	22	0.5968692656016379	452
ZFP92	22	0.4744819758167619	571
SIX1	22	0.30624524761658006	850
ZNF324B	23	2.399633686777351	86
ZBTB45	23	2.2066144265108423	97
ZNF444	23	1.0941585853199451	237
ZNF446	23	1.0016512279619312	255
ZNF324	23	0.7752945480647674	338
MEIS3	23	0.5522620733870478	495
CC2D1A	23	0.5425928467470388	506
SKIL	23	0.5295860503725336	512
ZNF865	23	0.5065639299981171	537
ZNF512B	23	0.3145656751016286	827
HEY1	23	0.2745724364422196	938
FOS	24	3.160432094004906	59
NR4A3	24	2.3484474488623213	89
EGR2	24	1.868212848281314	123
JUNB	24	1.7387691671822985	135
KLF6	24	0.6479228025981912	412
ATF3	24	0.46038451880085185	585
ZBED6	24	0.33976512193098607	767
GABPA	24	0.3179035353690606	817
ESR2	25	1.6079275868621536	150
MEF2A	25	1.591211629128124	153
TFAP4	25	1.4895140613081819	163
BCL6B	25	0.41538917458388647	634
NR2F1	25	0.3593250339414013	722
GTF2IRD1	25	0.34079796651814487	764
LHX6	25	0.2977096804924904	869
NFIB	25	0.2785702422735704	928
ZBED1	25	0.27469097388007074	937
IRF1	26	3.2740274213497527	52
MNT	26	1.010760888167378	249
STAT5A	26	0.999789492908622	256
ELK3	26	0.7600186894608078	346
ZNF678	26	0.6259715866255376	423
ZNF286A	26	0.6061218680115525	442
ZNF74	26	0.5575699648596492	487
ZNF821	26	0.39509646587587316	660
ZNF711	26	0.32624865815366133	802
ZSCAN16	26	0.30832074227748457	844
ZSCAN25	27	4.097634909226637	37
ZNF786	27	2.2123207839050436	96
ZSCAN21	27	1.2974083818586408	195
GTF2I	27	0.9471419469592003	267
ZNF282	27	0.836749672599524	308
ZKSCAN5	27	0.4406917606054919	608
ZNF398	27	0.4020306880904627	652
POU2F2	28	1.6079721110345817	149
ETS2	28	1.1716719010218322	223
IRF8	28	0.5905697852187769	457
NPAS3	28	0.5653718636873329	479
MSC	28	0.41648876911307053	632
BATF	28	0.38303971220179256	681
ETV3	28	0.3780551838868586	687
ZNF558	28	0.36504068838955184	710
ZNF384	28	0.3453433543004513	747
BATF2	28	0.3255849356615758	804
ZNF254	29	2.194279269650926	98
ZNF429	29	1.2075469805811896	214
ZNF493	29	0.8676670981405193	289
ZNF559	29	0.8608671747755541	298
ZNF780B	29	0.660680249080452	403
ZNF585A	29	0.6072701994407355	440
ZNF443	29	0.5737753835920516	470
ZNF131	29	0.4876059295976726	555
ZNF613	29	0.34168162244271405	759
ZNF532	29	0.3116793030166002	833
ZNF688	30	3.3717385867560785	50
GLI4	30	1.6197827106787126	148
ZNF48	30	0.9554774095236821	265
ZNF687	30	0.5266414990670893	517
MXD4	30	0.3961318526262212	658
TFAP4	30	0.36985118747587586	701
GABPA	30	0.29693061642484864	873
FOXG1	31	4.694782578014111	28
NPAS3	31	1.3728646517410534	184
ETV1	31	1.254356485083209	202
NR2E1	31	0.8035912212573896	324
TBX19	31	0.37067404938360604	698
IRF2	31	0.3319423047319167	788
HLX	31	0.2974659959924962	870
POU3F2	31	0.2929830001581763	885
BCL6B	32	4.347287246257377	34
FOXQ1	32	1.4784985776764012	165
TBX3	32	0.908767848351616	277
FOXF2	32	0.38536419358877166	677
FOXL2	32	0.35273705435318203	733
ZNF628	33	2.739371062812958	71
ZNF205	33	2.650834782256191	73
CC2D1A	33	1.2733373649523563	198
ZNF580	33	0.6358561708042897	419
ZNF865	33	0.5977412275755368	451
ZNF768	33	0.4228363326968246	622
ZNF358	33	0.3849056599826723	678
ZNF213	33	0.3302567779042369	791
BHLHE40	34	3.260193768239649	54
STAT3	34	1.3045403117361167	193
ZNF395	34	1.2054133066998691	215
MAFF	34	0.8448193701608825	306
NFE2L3	34	0.7988651946221814	329
ENO1	34	0.34026498384721854	765
NFIL3	34	0.28093735936889425	922
TFEC	35	7.325505580948126	10
ESR1	35	0.375288584004659	692
SPI1	35	0.3409879024249957	762
IKZF1	35	0.31640874341380537	823
RUNX2	35	0.282083148634888	920
ZSCAN16	36	1.464055095933823	172
ZNF37A	36	0.9392767119514882	269
MAFF	36	0.8349400155749768	311
STOX2	36	0.8029775430635145	325
BHLHE40	36	0.7081905190238853	376
CEBPD	36	0.6683397141363061	400
ZNF510	36	0.5639487607340136	482
OLIG1	36	0.5109170576100853	530
XBP1	36	0.4005462100544324	653
ZNF704	36	0.3570330196100101	726
SOX8	36	0.3291080106756502	794
RFX5	36	0.31023288479517397	835
MYC	36	0.2764814557308479	934
MYT1L	37	6.578561309402657	13
ZBTB18	37	1.9101053007427644	117
MYT1	37	0.8198460305888967	314
ZNF70	37	0.47014766021239374	576
ZNF423	37	0.30646895797723045	849
EBF1	37	0.28704457958141705	903
ZNF583	38	2.9562119900935064	65
ZNF264	38	1.7107520593072552	139
ZNF134	38	1.596438970344244	152
ZNF234	38	1.3476744293324108	188
ZNF17	38	1.311038589280374	191
ZNF416	38	1.2730811875361179	199
ZNF615	38	1.2338474746044108	207
ZNF776	38	1.1854114940939353	219
ZNF549	38	0.7061388480637254	377
ZNF417	38	0.2879824925317674	901
ZNF211	38	0.2739004337614606	945
MYT1L	39	7.955011064939602	9
ZNF215	39	1.302166657649735	194
FOXL2	39	0.5872917021029084	460
HLF	39	0.4303445753595377	618
TBR1	39	0.37926910312632306	686
KCNIP3	39	0.36622664383393505	708
RUNX1	39	0.28890994629642497	899
NFIA	40	2.956628977489771	64
NFIX	40	0.9391063870178111	270
ZNF782	40	0.5527808925773485	493
ZBTB5	40	0.549592729405144	501
TBX18	40	0.5341182189062562	511
ZBED3	40	0.41227836580586796	639
HIC1	40	0.290626923314417	893
FOXL1	40	0.2882427374091084	900
SKOR1	40	0.2826241209615517	919
ZHX2	40	0.2784690641786398	929
ZNF445	41	2.560961105962198	78
ZBTB8B	41	2.0136420873134826	108
PBX1	41	2.0080897123753134	109
ZNF606	41	0.7755316955737035	336
ZKSCAN8	41	0.6852567206619853	385
PGBD1	41	0.4543202974628437	591
ZNF577	41	0.36717407173793637	705
STAT6	41	0.34762650737729733	740
CSRNP2	42	1.680397977128989	144
ZNF641	42	0.7631637084920297	344
RARA	42	0.7089075543097104	375
ZNF846	42	0.6659015617381523	401
ZNF395	42	0.5215559379236927	523
HSF4	42	0.3687880548301485	704
IRF6	43	0.9545304174190846	266
E2F2	43	0.8668114060110315	291
ZNF565	43	0.3327588475482908	785
SKIDA1	43	0.289527256151999	897
STAT2	43	0.2869680241528048	904
NFE2	44	5.565344328428332	21
ATMIN	44	0.4222908571096542	624
IRF7	45	6.1863294256416195	16
STAT1	45	3.470763977897992	48
ZNF658	45	0.3410753528387046	761
ZBTB46	46	1.288769385009367	196
ELF4	46	1.1831353138075513	220
IRF4	46	0.8688956166600132	287
ZBTB7C	46	0.7413834711521591	356
ETV3	46	0.6558662635988971	405
MSC	46	0.5596588240356056	486
EBF1	46	0.3323718576776592	786
VENTX	46	0.30439811184330046	855
FOXD1	47	1.8997755474729647	118
TBX15	47	1.2086982899729657	212
HOXA10	47	0.6805421700777453	388
ZNF770	47	0.3434281611869349	754
MYBL2	47	0.304171060353887	856
ZNF138	48	5.150216633486764	24
ZNF680	48	2.2681094993242867	93
ZNF107	48	0.7417072701092303	355
ZNF92	48	0.6178437824769973	429
ZNF117	48	0.3251975099915403	806
ZNF329	49	4.107338564019551	36
ZNF28	49	2.023597053095959	106
ZNF135	49	1.355510756313	187
ZNF140	49	0.4357411520108254	612
THAP11	50	1.4640853839923915	171
ZNF32	50	1.4619982680140506	173
KLF13	50	0.6378727599124386	418
ZNF689	50	0.5982190816218742	450
NRF1	50	0.5176428950763936	526
TFAP4	50	0.3616790770546092	717
ZNF48	50	0.2988158120127324	867
ZNF467	50	0.2849987192799753	910
ZNF649	51	0.8629168120051627	295
SP4	51	0.8627814236570287	296
ZNF704	51	0.7198780053364248	369
FOXG1	51	0.6933483534600049	381
ZBTB7B	51	0.6524532279342984	409
POU3F2	51	0.6388708858137563	416
ZFP37	51	0.41436482808510305	635
SOX8	51	0.36961244203579213	702
MAFB	51	0.3400781711694287	766
ZIK1	51	0.31755206314984386	821
SP1	51	0.292684985999167	886
STAT6	51	0.286938680326278	906
ZNF431	52	3.6783732937732454	44
ZNF43	52	2.1677532494362053	101
ZNF253	52	2.0574072424465726	104
ZNF675	52	0.7794225126514057	334
ZFP30	52	0.7232604624095188	365
ZNF506	52	0.46328440066740006	583
ZNF627	52	0.45073461260108083	594
ZNF90	52	0.4498021471432788	597
ZNF737	52	0.3594916545801455	721
ZNF66	52	0.3066596928496551	848
ZNF614	52	0.293122310700945	884
ZNF254	52	0.2908019694083026	892
ZNF500	53	1.2553754567226778	201
ZNF8	53	1.1111520746410026	235
ZFHX2	53	0.9166893741156604	275
TFAP4	53	0.8896764207003549	282
ZNF236	53	0.6965016526799004	379
NFIX	53	0.5639985871325219	481
ZNF142	53	0.5473766168032591	502
ZNF496	53	0.42477309788083234	621
ZNF34	53	0.3721201044388623	696
ZNF66	53	0.3655417124375281	709
ZNF445	53	0.3642932197786903	714
IRF8	53	0.359740931839156	720
ZNF384	53	0.3446628535313169	748
GTF2IRD1	53	0.3164576982135061	822
FOXK2	53	0.31280228544712496	831
EBF4	53	0.2914651834677503	889
GRHL1	53	0.2737240802693634	946
BATF	54	5.402860806058268	22
STAT6	54	1.6650868914065502	145
ELF4	54	0.709011637734	374
ZNF784	54	0.3752462388292501	693
SPI1	54	0.37234606642976603	695
STAT1	54	0.341662447268944	760
VENTX	54	0.31902441143579996	815
FOSL2	54	0.2968369195530178	874
ZNF672	54	0.29022228356792884	896
PAX8	55	0.6229861428093642	426
ETV3	55	0.4356871128847462	613
FOXN2	55	0.3853890341547919	676
FOXF1	55	0.3301622094335983	792
SHOX2	55	0.29040321295376653	894
ZNF648	56	1.311945124673646	190
ZNF530	56	0.8436683513020424	307
ZIK1	56	0.6684787341461389	399
NFE2L2	56	0.6259519030191297	424
ZBTB12	56	0.479870853345248	563
ZNF286B	56	0.47425499696058243	572
STAT6	56	0.30495898567607405	854
DMTF1	56	0.2978604670862275	868
STAT6	57	4.3764890748118255	33
NFIA	57	1.853916521470774	125
RUNX2	57	1.779021270687603	129
FOXS1	57	0.5498441856611738	500
RUNX1	57	0.5136440723797673	528
VDR	57	0.4598487034338005	586
FOXL1	57	0.44626541708121664	601
GLIS3	58	0.773231110520703	340
ELF2	58	0.6958414892162796	380
NPAS3	58	0.6279339913411394	422
TCF7	58	0.595206690875895	454
ZNF101	58	0.525262920286198	520
STOX2	58	0.5161648087649534	527
MSX1	58	0.4777782898743587	566
ZBTB46	58	0.4456208697629011	603
ZNF280B	58	0.38252241830940537	682
ZNF789	58	0.34850297261170277	737
EBF1	58	0.34726646443647124	741
POU3F2	58	0.34577661154112654	745
MEF2B	58	0.3225511181115733	808
ZNF562	59	2.492978287423423	82
ZNF136	59	1.4401731433355818	175
ZNF77	59	0.7308462047328859	360
ZNF587B	59	0.5716287809950832	473
ZNF749	59	0.5088106938247403	534
ZNF616	59	0.49825643122871643	544
ZNF14	59	0.4894733300432319	553
ZNF17	59	0.48447630881205384	559
ZSCAN22	59	0.42661159029926854	620
ZNF791	59	0.30961390437521846	839
ZNF317	59	0.29240491224895004	887
ZNF383	59	0.27412087562658205	943
ZNF254	60	2.9860798654035285	63
ZNF814	60	1.13126443502905	232
ZNF8	60	1.0127709402844691	247
ZNF253	60	0.9138860944503022	276
ZNF431	60	0.8991897037870145	280
ZNF112	60	0.7753062420154376	337
ZNF493	60	0.6721244140591671	395
ZNF43	60	0.613921733108685	434
ZNF527	60	0.49075930145080193	552
ZNF439	60	0.4422648511869747	605
ZNF623	60	0.3099278252124688	836
ZNF549	60	0.2792998431088735	926
ZNF202	60	0.27410569528068074	944
VDR	61	8.877227101828602	7
CEBPD	61	0.590090260608058	458
CEBPB	61	0.4179322093719036	629
FOXJ1	62	10.525034183705756	4
ZNF396	62	0.40226841666527074	651
HIVEP3	62	0.39067310192664867	668
RORB	62	0.3710061285293507	697
ZNF165	62	0.29035338655525805	895
POU6F2	62	0.27800181458446316	931
NFKB2	63	2.5963828088750684	75
ZNF678	63	1.8747847032915905	122
NR3C2	63	1.5758966212110506	154
RELB	63	1.361109253354745	186
VDR	63	0.9319106125276689	272
ZNF821	63	0.5369801862246681	509
STAT5A	63	0.4597854398870062	587
ZSCAN16	63	0.35915347424274663	723
ZKSCAN2	63	0.30823859408985615	845
ZNF677	63	0.3058350151110756	852
IKZF1	64	6.433022757353352	14
CEBPA	64	2.9095599544427504	67
FLI1	64	1.8188854400902341	128
SPI1	64	0.825871175247025	312
IRF5	64	0.3482531869200544	738
STAT6	64	0.3441743950328188	749
LYL1	64	0.3341199943530276	782
DBX2	65	1.0863777501301148	239
ZIC5	65	1.0063233607375281	252
TFCP2L1	65	0.8359881857745048	310
ZNF552	65	0.47944376992946086	565
ZFHX4	65	0.40735165354518	643
SIM2	65	0.3580950627572278	724
ZNF281	66	2.5686375671948025	77
RBPJ	66	1.6868829627914281	143
SKIL	66	1.0125773000826852	248
ZEB2	66	0.8641471463555059	294
ZBTB34	66	0.6399743299043411	414
ZNF124	66	0.47745463618375544	567
ZNF492	66	0.3135347189785532	829
MSX1	67	1.4648759241110016	170
IKZF2	67	1.4383832425506764	176
ZHX1	67	0.9900559132233089	259
PRDM4	67	0.3618884786681661	716
CEBPA	68	4.073023355793093	39
TAL1	68	1.7776569280205712	130
ZBTB17	68	0.5545901864357258	491
MLXIPL	68	0.5518025229156728	497
HHEX	68	0.5291002066704588	514
KLF15	68	0.504856831099946	539
SNAI3	68	0.41408322903697264	636
KLF7	68	0.39183116620918457	667
IRF8	68	0.3054182456145132	853
FOXO4	68	0.27442288461346015	941
IKZF1	69	3.5638328627878852	45
IKZF3	69	2.1761513944816095	99
GFI1	69	0.8533638711727515	304
ESR1	69	0.7354466485065473	357
POU3F2	69	0.34592725286839576	744
IRF4	69	0.3408280366770115	763
POU3F1	70	3.230338531112339	56
BATF3	70	0.6501641189322663	410
MYRF	71	4.586156526005063	31
SOX10	71	4.17700204295933	35
TFEB	71	0.6123927309002265	436
MYT1L	71	0.2844804811555464	912
ZNF25	72	3.302233375633137	51
ZNF248	72	3.0417599215047413	61
ZNF37A	72	1.2877038554669185	197
ZNF572	72	0.8583931415598154	300
ZNF32	72	0.5990168124306481	448
ZNF485	72	0.5516016920237252	499
ZNF394	72	0.3837544232241303	680
SLC2A4RG	72	0.3191352497508495	814
SOX10	72	0.2938106558593489	883
DBX2	73	1.8873278817336179	121
ZEB2	73	1.5026177504168126	161
RORB	73	0.8615224718124982	297
ZNF469	73	0.7996247203498831	327
SOX4	73	0.35772819229240793	725
ZNF324B	73	0.29471762705202487	881
SOX10	73	0.28368979577046827	914
IKZF3	74	14.793549525582886	2
MYBL2	75	5.771664985466359	19
E2F8	75	2.6815661940849695	72
FOXM1	75	2.481517925233531	83
E2F2	75	2.3985598770462286	87
E2F1	75	0.4367156721111004	610
RFX4	76	1.3662024409877092	185
SOX13	76	1.2084331060357139	213
SALL2	76	0.8673097426293506	290
AR	76	0.6327013462864809	421
PRDM16	76	0.5530766551061046	492
RFX8	76	0.5465440220421761	503
HOMEZ	76	0.4823031224514496	560
ZNF33A	76	0.2830042106749555	917
ZNF704	77	2.0368372926844676	105
PURG	77	1.6915317076656844	142
ZEB1	77	1.1193106752807493	233
ASCL1	77	0.7273420143596456	362
SOX8	77	0.688977866505116	382
STOX2	77	0.5819335484323946	463
CSRNP3	77	0.5049636745871267	538
STAT6	77	0.3885901260426444	671
PATZ1	77	0.30293382584631584	858
ZNF74	78	2.127499039567115	103
SOX4	78	2.0232869091868757	107
SOX8	78	1.8576872758127112	124
ZNF821	78	1.838950370976494	127
ZNF250	78	0.5848220268812084	461
ASCL1	78	0.5735507289993595	471
RREB1	78	0.519931568279022	524
SOX11	78	0.5081189349043395	535
ZNF300	78	0.3275291094354492	800
MYT1	78	0.28267910431967264	918
STAT1	79	3.5072395890358745	47
BATF2	79	2.4245454333669243	85
IRF7	79	1.7472691440217394	132
SP110	79	1.7067705233203154	140
SKIDA1	80	0.5940882843391108	455
ZNF713	80	0.5807638628324223	465
TBX1	80	0.470098560146225	577
OSR1	80	0.4680642485289856	581
KLF13	80	0.43541633618847847	614
ZNF107	80	0.41015602270904794	640
NR3C2	80	0.39970845833373686	654
PLAG1	80	0.37396847497711944	694
ZNF521	80	0.37006291335292	699
ZNF567	80	0.3308294909541489	790
GTF2I	80	0.3220838685173965	810
MYT1L	81	3.4270707296665393	49
KCNIP3	81	2.2694195123323033	92
FOXC2	81	1.0679084261278704	241
SP140L	81	0.4502814538542957	596
ZNF35	81	0.3922618086534367	665
POU6F2	82	1.2385650031512436	206
KCNIP3	82	1.21835008463682	210
ETV7	82	0.8594221365855734	299
SATB1	82	0.7008295039264445	378
MYT1	82	0.5710079847442783	474
MYT1L	82	0.5607706209480979	484
SOX1	82	0.4575223335827379	589
SLC2A4RG	82	0.43275817772460706	615
ZNF512	82	0.4101126606683634	641
THRA	82	0.3195947275889906	813
TAL1	83	1.1345246503693602	231
USF1	83	0.5700295424493685	475
ERG	83	0.5642477917582985	480
MAZ	83	0.39041016961965047	669
TEAD1	83	0.38582657675627186	675
ZBTB39	83	0.34550227581639387	746
E2F1	83	0.33963038728195794	768
MECOM	83	0.30905862330146117	841
FOXL1	84	1.0026112940486445	253
FOXS1	84	0.7900589960682919	333
FOXC2	84	0.7431703213412373	353
PBX1	84	0.7307947077699958	361
RUNX1	84	0.6721664687016401	394
ZNF774	84	0.6602029034667525	404
SNAI2	84	0.49822461787223443	545
ZBED3	84	0.47084740878853215	575
ZNF10	84	0.4193037427290992	627
SOX5	84	0.2801066530718946	924
ZHX2	84	0.2789042098833985	927
ZHX3	85	2.464520658984307	84
NR3C2	85	1.6918527465598645	141
NPAS3	85	1.4351050141683397	179
NR2E1	85	0.8063428586933898	322
KLF15	85	0.751158814947009	351
OSR1	85	0.6004037440334468	447
PKNOX1	85	0.28414230081814756	913
KLF6	86	2.838780756395846	68
NR4A3	86	1.9621114226029317	114
FOS	86	1.8914254856284536	120
JUNB	86	0.9062606943811836	278
CSRNP1	86	0.815285317194221	315
NR4A2	86	0.596557015328769	453
EGR1	86	0.5781658446862843	467
EGR3	86	0.46250344813567495	584
ZNF395	87	2.936770324988007	66
HSF4	87	1.0644226119628264	242
ZNF641	87	0.4976720968613682	547
CSRNP2	87	0.4943791965657682	548
ZNF713	87	0.35431522926104325	729
MYRFL	87	0.29093002179980476	891
ZNF727	88	1.537798964691984	159
ZGPAT	88	0.9855533064158152	260
CREB3L1	88	0.9628039238349838	264
SOX18	88	0.8089862726107638	321
ZNF521	88	0.7594299970994208	347
ZNF558	88	0.7183154465738687	370
ST18	88	0.5178916639027663	525
HOXB3	88	0.34324214747471876	756
ZNF563	88	0.3268915349075954	801
ZEB2	88	0.30001527723863536	864
ZNF891	89	2.6004573880347333	74
PBX1	89	1.5603680715860835	156
ZFP2	89	1.2008210704816473	216
ZBTB5	89	0.6729880232111585	393
ZNF782	89	0.4761798502942179	568
ZNF879	89	0.384063913434108	679
ZNF709	89	0.312229862930149	832
ZNF429	89	0.285472360598742	909
SOX8	90	2.498472628407644	81
MYT1	90	1.848015579642747	126
SOX6	90	1.2569316963938781	200
SOX1	90	0.7339103103414569	358
PKNOX2	90	0.4487892040622298	599
ASCL1	90	0.38186683073952526	683
MEIS3	90	0.3753699332267137	690
ZNF518B	91	0.9754994868018957	261
ZNF429	91	0.5360362447158977	510
ZNF470	91	0.3818505608951143	684
MYT1L	91	0.3616614998119867	718
IRF8	91	0.35157644790745696	735
ZNF548	91	0.30875407215139383	842
HLF	92	1.9858077972883608	111
HES5	92	0.9061420843100985	279
KCNIP3	92	0.8011370895477609	326
POU6F2	92	0.7500293681586604	352
HOXD3	92	0.5727054960555644	472
ZSCAN31	92	0.5523925953085053	494
TEF	92	0.28574226569620204	908
MYRF	93	7.251141497005032	11
STAT2	93	0.886377346579867	283
CIC	93	0.4812254631589267	561
ZNF536	93	0.44893359893137685	598
SOX10	93	0.2811455262174735	921
ZNF248	94	1.6062107551106295	151
ZNF37A	94	0.7602559096029781	345
SOX9	94	0.7312244786154402	359
ETV7	94	0.6765649920848441	391
EBF4	94	0.5876152831602777	459
ETV5	94	0.5674022531099375	477
POU3F2	94	0.502248571667817	542
ZNF572	94	0.47227356233767864	573
ZNF25	94	0.40613475634312246	644
ZNF333	94	0.3383460864387693	773
NPAS3	94	0.33774599065964794	774
ZNF133	94	0.32910859174152196	793
TGIF2	94	0.3155221821598771	824
HEYL	94	0.2744436577183777	940
ZBTB11	95	0.9906533215727732	258
ZNF75A	95	0.6378998521087123	417
ZSCAN12	95	0.6059845911993352	443
ZNF354C	95	0.6056470645610422	444
ZNF610	95	0.4453038983298236	604
ZNF221	95	0.4033733134205352	647
ZNF382	95	0.39443775507693196	663
ZNF560	95	0.2745075749642778	939
FOXC1	96	1.5487370939295786	158
TBX18	96	1.4986871303268914	162
HIC1	96	1.246902281546575	205
FOXP1	96	0.9258431226941317	273
FOXC2	96	0.864851470825385	292
ZNF774	96	0.3868246300243555	673
NPAS3	96	0.32884580470099173	795
BACH2	97	0.6860307730364825	384
STOX2	97	0.6526846374177506	408
KCNIP3	97	0.6098863032621339	439
SOX4	97	0.5551382768193194	490
CSRNP3	97	0.5295167582673193	513
SATB1	97	0.46880060425504866	579
SOX11	97	0.446167652748283	602
ZNF213	98	4.629173413561718	30
RFX5	98	0.7760819649543165	335
ZNF500	98	0.7739286800998221	339
ZFP62	98	0.36960103861805765	703
ZNF358	98	0.3536435171132201	730
ZNF48	98	0.3422113366181113	758
ZNF512	98	0.32867867562960973	796
MYT1	99	2.7468260653151657	70
ZNF217	99	2.2161830561217926	95
ZNF711	99	0.7170641212189058	371
TSHZ1	99	0.7130862895268988	373
PURG	99	0.6636980873189795	402
SOX11	99	0.6147651502216307	432
ASCL1	99	0.394473127461879	662
ZFP69B	99	0.33944800523144064	770
SOX8	99	0.3252070975784253	805
SALL3	100	3.756626378963192	42
ZBTB5	100	1.1976162742988619	217
RFX3	100	0.5434891408543201	505
TCF7L1	100	0.3665240769270725	707
SOX2	100	0.3441483197018209	750
ZHX2	100	0.3084142212496135	843
MYT1L	101	5.170570572011021	23
MYT1	101	1.5664306223597102	155
ZNF250	101	1.0231711477912269	246
ZBTB12	101	0.4525338830731693	592
STOX2	101	0.42086724572369694	625
SOX8	101	0.30218149080877776	860
SATB1	102	2.278116252602589	91
SALL4	102	2.1695730751135094	100
CREB3L1	102	0.8900199758970682	281
ZNF492	102	0.491363609957494	551
ZNF217	102	0.39514302377885263	659
ZBTB18	102	0.34359180386308596	753
FOXP2	102	0.3216273686418485	811
ZBTB42	102	0.30712839510851137	847
SOX10	102	0.283526806793423	915
NR3C2	103	4.714889200376675	26
DBX2	103	3.2678641282805994	53
NR2E1	103	0.582524274524333	462
GMEB1	103	0.3639006371490424	715
NFE2	104	5.027315100405328	25
CEBPD	104	1.9483396530081765	115
CEBPB	104	0.6745868985907033	392
MXD1	104	0.28026368612375374	923
ZNF492	105	1.2543205316323902	203
ZNF281	105	1.1533404348976768	227
ZNF37A	105	0.8736962376265164	286
ZNF22	105	0.6778471865642475	390
RBPJ	105	0.5127662997471502	529
DBX2	105	0.41327707277305736	637
ZNF33A	105	0.3757832163280451	689
KLF16	105	0.3114805784884379	834
ZBTB37	105	0.2832948888773331	916
ZNF500	106	1.4357616186034956	178
DEAF1	106	1.21749526410614	211
ARNT2	106	1.1503617459722633	228
ZNF267	106	1.1379272994815	230
ZNF554	106	0.7706377409015395	342
ZIC2	106	0.48547864744094216	556
ZNF853	106	0.451129446860982	593
POU3F3	106	0.36501780892084895	711
NR5A2	106	0.36468086334842775	712
ZNF780A	107	0.7207668908538403	368
ZNF780B	107	0.6243344335316868	425
ZFP37	107	0.5519456830198423	496
ZNF141	107	0.5106563769333404	531
POU3F3	107	0.5029794072680978	541
ZNF774	107	0.4183886366142177	628
ZNF585A	107	0.3555280590019981	727
ZHX1	107	0.34934675289081835	736
ZNF131	107	0.3423311088209401	757
MECOM	107	0.3367807676133221	778
SALL2	107	0.3321155349949529	787
ZNF510	107	0.3151614855199453	825
ZNF891	107	0.29584257057986696	880
ZFP14	107	0.2940926907068832	882
MAFF	108	4.687197271490148	29
MXD1	108	2.9920187944129255	62
VDR	108	1.1535978470788928	226
FOSL2	108	0.7568317610535809	348
NFIL3	108	0.32434668428872887	807
BHLHE40	108	0.30208191064499473	861
BATF	109	2.3785028631824727	88
ESR1	109	0.8647918389402894	293
VENTX	109	0.6548156238694137	406
STAT6	109	0.612879373567875	435
MAFB	109	0.5670812142157574	478
SPI1	109	0.5290061466324579	516
TFEC	109	0.5258168939617437	518
RUNX2	109	0.40566590881779824	646
FOSL2	109	0.2972679977966738	871
STAT3	109	0.27422205372151254	942
TFEC	110	4.696827711983214	27
MEF2A	110	1.1803710381888388	221
PLAG1	110	0.37004562664323337	700
HHEX	110	0.33599051802764784	780
ELF1	110	0.3339373217695744	783
PBX4	110	0.30259477391010925	859
ZNF214	111	1.912962546900968	116
DBX2	111	1.1637926477999625	224
ZSCAN16	111	1.0712916821665384	240
SIX1	111	0.8572289034523914	301
ZBTB12	111	0.7637500039566956	343
ZNF300	111	0.6412241299613904	413
PATZ1	111	0.3371644163551908	776
ZNF286A	111	0.29166093003331944	888
SP100	112	3.1809140122874315	57
IRF2	112	0.742132319794466	354
HBP1	112	0.6837010620566571	386
ATF1	112	0.653840740602969	407
STAT2	112	0.4058353621526676	645
MEF2C	113	1.0982549544498033	236
POU2F2	113	0.9464156146194262	268
ZNF208	113	0.7958780802416262	331
MSC	113	0.5812501423339012	464
ZKSCAN5	113	0.5412811631746407	508
ETS2	113	0.3970245877050375	655
PLAGL2	113	0.3865667094105017	674
HHEX	113	0.30619404118662596	851
ZNF18	113	0.2958744565695831	879
ZNF789	113	0.2912046480574733	890
EBF1	114	1.969547032031667	113
NPAS3	114	1.7270158025265414	136
FOXP1	114	1.192130213503314	218
LEF1	114	0.8035947802858545	323
SOX17	114	0.7731749650308385	341
SOX18	114	0.5800630973910084	466
ERG	114	0.5446491662341733	504
BCL6B	114	0.5414098692652487	507
FOXS1	114	0.5097486067750906	532
HEYL	114	0.44038335989402383	609
FOXL1	114	0.31487429371279857	826
MYT1L	115	2.5835870120452675	76
RXRG	115	0.8550218700047537	302
ARNT	115	0.35233343147196955	734
ZBTB18	115	0.3479994790337713	739
ZNF483	115	0.33952347116154313	769
ZSCAN31	115	0.3370959958487841	777
TBX2	116	1.0088529583772594	251
CREB3L1	116	0.7220461800038844	366
SALL4	116	0.6167908911172607	430
ZC3H8	116	0.5982376030965384	449
ZFHX4	116	0.5246918778006676	521
ZNF397	116	0.41717137624599027	631
MEIS1	116	0.3527690856093661	732
ETV4	116	0.3390557857679626	772
GRHL1	117	1.3052110796518983	192
ZNF572	117	0.9332015229951495	271
ZNF217	117	0.5089386009497745	533
ZSCAN23	117	0.48468839785526785	558
BHLHE40	117	0.3947384566655985	661
SALL4	117	0.31448773964157084	828
NFIA	118	3.51814285432116	46
SOX8	118	1.5072612656982227	160
SOX6	118	0.4688448378945409	578
ZNF215	118	0.40228120011445084	650
POU3F4	118	0.3528725153345499	731
SOX2	118	0.343283185251916	755
MSX1	118	0.3177410548246531	819
SOX9	118	0.2893692788680981	898
ATF7	119	1.7458382693123842	133
HIF3A	119	1.4492217189912537	174
NFIC	119	0.9727071747548681	262
REST	119	0.671648956909551	396
E2F3	119	0.5516425119012205	498
MYB	119	0.4799663660479283	562
MEIS3	119	0.41728555568980275	630
RFX4	119	0.40926931618865164	642
ZNF142	119	0.3437818850364049	752
FOXJ2	119	0.32852665427089495	797
ZHX3	119	0.30987843461336423	837
E2F2	119	0.30127662597988714	862
RXRA	120	1.1791199307335778	222
CASZ1	120	0.46633136483275256	582
GLI2	120	0.4586360189593136	588
ZNF275	120	0.45058251860913207	595
ZBTB7C	120	0.43133151574282275	616
ETS1	120	0.3201002548974734	812
PPARG	121	1.059021604684266	243
ST18	121	1.0578418956980051	244
TCF12	121	0.7932247882044313	332
KLF8	121	0.498135642160612	546
ZNF317	121	0.4917597516156068	550
ZBTB16	121	0.3309044484516135	789
STAT6	121	0.2876571682767825	902
E2F4	122	3.056754980026144	60
THAP11	122	1.0020610973012656	254
ZBTB48	122	0.9911549266866213	257
ZNF672	122	0.6185722211805568	427
RFX5	122	0.44746786026971275	600
